{"@class":"Character","id":{"uuid":"F55D5E42-4329-4D79-B4F0-D700F84CE6C8"},"airJumpIsActive":true,"maxStableSlopeAngle":30.0,"maxStableMoveSpeed":15.0,"stableMovementSharpness":0.05000000074505806,"maxAirMoveSpeed":10.0,"airAccelerationSpeed":0.10000000149011612,"rotationSpeed":0.029999999329447748,"allowJumpingWhenSliding":true,"allowWallJump":false,"jumpSpeed":4.0,"airJumpSpeed":3.0,"wallJumpSpeed":3.0,"crouchHeight":2.9000000953674318,"crouchSpeed":3.0,"mouseRotationSpeed":0.5,"rotationSharpness":0.10000000149011612,"slideSpeed":8.0,"wallHangSpeed":-1.0,"maxStepHeight":1.600000023841858,"ladderClimbingSpeed":6.0,"ladderGrabSpeed":6.0,"discreteRotationAngle":90.0,"isDiscreteRotation":false,"excludeCameraGroupIsActive":true,"excludeCharacterGroupIsActive":true,"body":[{"@class":"BaseNode","object3D":{"@class":"BaseObject3D","id":{"uuid":"25FE1577-F604-4D13-ACCD-656144CA9EBD"},"name":"MainCharacter Body","enabled":true,"visible":true,"hitVisible":true,"colliders":[{"@class":"BaseComponentCollider","colliderId":{"uuid":"FD0A985A-5D45-4E3D-A31E-140FA3E84F40"}}],"rigidBody":{"@class":"BaseComponentPhysBody","rigidBodyId":{"uuid":"01A8E4A1-C461-4B37-99DC-34226C97EA44"},"isEnabled":true},"stateMachine":{"@class":"BaseComponentStateMachine","stateMachineId":{"uuid":"0F48A3B3-4CE1-4542-A132-544AF92D0C83"},"saveState":false,"mappingProvider":{"@class":"IdPoolBase","prototypeToInstanceMap":[]}},"transform":{"@class":"BaseComponentTransformable","localTransforms":{"values":[1.0,0.0,0.0,0.0,0.0,1.0,0.0,0.0,0.0,0.0,1.0,0.0,0.0,0.0,0.0,1.0]}},"metadata":{"importedIdentifier":"","importedName":"","isBone":false}},"children":["8F5774E2-6630-48D1-8EAF-03D6EB250542","91232902-C93E-4CD2-9DEE-08D5767618F5","C5BBA468-C0B7-4336-9BEA-73F6D864E010","8A588E82-8CD9-4A42-82C1-7C985850D2C1"]},{"@class":"BaseNode","object3D":{"@class":"BaseObject3D","id":{"uuid":"8F5774E2-6630-48D1-8EAF-03D6EB250542"},"name":"Collider","enabled":true,"visible":true,"hitVisible":true,"colliders":[{"@class":"BaseComponentCollider","colliderId":{"uuid":"35067CB2-8AFF-40A2-B830-19570B9D4FFC"}}],"rigidBody":{"@class":"BaseComponentPhysBody","rigidBodyId":{"uuid":"17A44009-9CD7-4D97-BA6B-D885A856DCE6"},"isEnabled":true},"transform":{"@class":"BaseComponentTransformable","localTransforms":{"values":[1.0,0.0,0.0,0.0,0.0,1.0,0.0,0.0,0.0,0.0,1.0,0.0,0.0,0.6708697080612183,0.0,1.0]}},"metadata":{"importedIdentifier":"","importedName":"","isBone":false}}},{"@class":"BaseNode","object3D":{"@class":"BaseObject3D","id":{"uuid":"91232902-C93E-4CD2-9DEE-08D5767618F5"},"name":"Model","enabled":true,"visible":true,"hitVisible":true,"transform":{"@class":"BaseComponentTransformable","localTransforms":{"values":[-0.0003489255905151367,-3.050752359068376e-11,-0.9999999403953552,0.0,-5.322131624296844e-15,1.0,-3.050752359068376e-11,0.0,0.9999999403953552,-5.322131624296844e-15,-0.0003489255905151367,0.0,0.0,0.0,0.0,1.0]}},"metadata":{"importedIdentifier":"","importedName":"","isBone":false}},"children":["1E8EA00B-C9BD-4E4E-90A2-E08722C82E80","9B1C2CA0-4AFC-49BB-B954-63F6CD5D7EB6","A3A6E5F2-B2E3-46FA-9E1A-FF03768D8047","9FEEEB5B-47AC-47C8-8789-916CBE0DB7E9","DE497A48-9B3F-4C4C-B9E4-D61226B09BF0","752F1A94-EFBB-456B-B0DD-287EE6919C58","325BE472-8D75-4614-A46F-82DFF725B7DE","48DD0BC9-CE3F-4227-9960-5871A2CB3C0B"]},{"@class":"BaseNode","object3D":{"@class":"BaseObject3D","id":{"uuid":"1E8EA00B-C9BD-4E4E-90A2-E08722C82E80"},"name":"maincharacter","enabled":true,"visible":true,"hitVisible":true,"transform":{"@class":"BaseComponentTransformable","localTransforms":{"values":[1.0,0.0,0.0,0.0,0.0,1.0,0.0,0.0,0.0,0.0,1.0,0.0,0.0,0.0,0.0,1.0]}},"metadata":{"importedIdentifier":"RootNode","importedName":"RootNode","isBone":false}},"children":["C77D1CB5-ACAD-44CB-8B43-6CD245873A9E","FFE9CC50-F496-4ED0-8F11-05200D445E19"]},{"@class":"BaseNode","object3D":{"@class":"BaseObject3D","id":{"uuid":"C77D1CB5-ACAD-44CB-8B43-6CD245873A9E"},"name":"Generic_male_base","enabled":true,"visible":true,"hitVisible":true,"transform":{"@class":"BaseComponentTransformable","localTransforms":{"values":[2.0,0.0,0.0,0.0,0.0,1.9999998807907105,0.0,0.0,0.0,0.0,1.9999998807907105,0.0,-3.31784775653432e-7,0.0,0.0,1.0]}},"metadata":{"importedIdentifier":"RootNode","importedName":"RootNode","isBone":false}},"children":["AA852653-C6EB-4174-B29E-D504E43D605D","89E93D17-2ED2-42D6-B991-E05D52D47E89","0686A421-9EB4-41AE-A849-D4A4BF969568"]},{"@class":"BaseNode","object3D":{"@class":"BaseObject3D","id":{"uuid":"AA852653-C6EB-4174-B29E-D504E43D605D"},"name":"G_male_base_armature","enabled":true,"visible":true,"hitVisible":true,"transform":{"@class":"BaseComponentTransformable","localTransforms":{"values":[1.0,0.0,0.0,0.0,0.0,1.0,0.0,0.0,0.0,0.0,1.0,0.0,0.0,0.0,0.0,1.0]}},"metadata":{"importedIdentifier":"G_male_base_armature","importedName":"G_male_base_armature","isBone":false}},"children":["407A212A-6D7C-48FF-B3A8-14DB0186D2E6"]},{"@class":"BaseNode","object3D":{"@class":"BaseObject3D","id":{"uuid":"407A212A-6D7C-48FF-B3A8-14DB0186D2E6"},"name":"root_bone","enabled":true,"visible":true,"hitVisible":true,"transform":{"@class":"BaseComponentTransformable","localTransforms":{"values":[1.0,0.0,0.0,0.0,0.0,1.0,0.0,0.0,0.0,0.0,1.0,0.0,0.0,0.0,0.0,1.0]}},"metadata":{"importedIdentifier":"root_bone","importedName":"root_bone","isBone":true}},"children":["6D230034-A552-462B-B6A0-B46F316F1EC9"]},{"@class":"BaseNode","object3D":{"@class":"BaseObject3D","id":{"uuid":"6D230034-A552-462B-B6A0-B46F316F1EC9"},"name":"Hips","enabled":true,"visible":true,"hitVisible":true,"transform":{"@class":"BaseComponentTransformable","localTransforms":{"values":[1.0,0.0,0.0,0.0,0.0,1.0,0.0,0.0,0.0,0.0,1.0,0.0,-2.845525659379649e-16,0.9985675811767578,0.034149155020713809,1.0]}},"metadata":{"importedIdentifier":"Hips","importedName":"Hips","isBone":true}},"children":["407CEBE5-BE7F-48FE-B1C4-0E270C0D9577","2F05B962-B097-46C3-A8A4-BFEE468158EA","4FD649F0-6223-4DD1-84A0-78F48220B5E3"]},{"@class":"BaseNode","object3D":{"@class":"BaseObject3D","id":{"uuid":"407CEBE5-BE7F-48FE-B1C4-0E270C0D9577"},"name":"spine","enabled":true,"visible":true,"hitVisible":true,"transform":{"@class":"BaseComponentTransformable","localTransforms":{"values":[1.0,0.0,0.0,0.0,0.0,0.9991725087165833,-0.04067375138401985,0.0,0.0,0.04067375138401985,0.9991725087165833,0.0,1.7263547242834857e-17,0.16640204191207887,-0.006554190069437027,1.0]}},"metadata":{"importedIdentifier":"spine","importedName":"spine","isBone":true}},"children":["FE50BEFE-389B-4E1C-99B7-B21442EE69B9"]},{"@class":"BaseNode","object3D":{"@class":"BaseObject3D","id":{"uuid":"FE50BEFE-389B-4E1C-99B7-B21442EE69B9"},"name":"chest_bottom","enabled":true,"visible":true,"hitVisible":true,"transform":{"@class":"BaseComponentTransformable","localTransforms":{"values":[1.0,0.0,0.0,0.0,0.0,0.9998831748962402,-0.015285870060324669,0.0,0.0,0.015285870060324669,0.9998831748962402,0.0,-3.308722450212111e-24,0.18799731135368348,1.862645149230957e-9,1.0]}},"metadata":{"importedIdentifier":"chest_bottom","importedName":"chest_bottom","isBone":true}},"children":["28D989A6-3B17-4616-8329-84B0F2413A7F"]},{"@class":"BaseNode","object3D":{"@class":"BaseObject3D","id":{"uuid":"28D989A6-3B17-4616-8329-84B0F2413A7F"},"name":"chest","enabled":true,"visible":true,"hitVisible":true,"transform":{"@class":"BaseComponentTransformable","localTransforms":{"values":[1.0,0.0,0.0,0.0,0.0,0.9999967217445374,0.0025588832795619966,0.0,0.0,-0.0025588832795619966,0.9999967217445374,0.0,-1.819797347616661e-23,0.15621300041675569,-4.6566128730773929e-9,1.0]}},"metadata":{"importedIdentifier":"chest","importedName":"chest","isBone":true}},"children":["1969A278-FA53-41B1-A6BC-0BA1AB3C3F1E","1DA867A7-B140-48F2-A974-1041A8C2BF4B","837160DA-0209-4B5E-BB89-655A78DDDF6B"]},{"@class":"BaseNode","object3D":{"@class":"BaseObject3D","id":{"uuid":"1969A278-FA53-41B1-A6BC-0BA1AB3C3F1E"},"name":"neck","enabled":true,"visible":true,"hitVisible":true,"transform":{"@class":"BaseComponentTransformable","localTransforms":{"values":[1.0,0.0,0.0,0.0,0.0,0.998573899269104,0.053387194871902469,0.0,0.0,-0.053387194871902469,0.998573899269104,0.0,-3.275579908006525e-19,0.18211659789085389,-0.00010874075815081596,1.0]}},"metadata":{"importedIdentifier":"neck","importedName":"neck","isBone":true}},"children":["D9CE3BE9-EA2A-49EA-930B-58FDE6E27888"]},{"@class":"BaseNode","object3D":{"@class":"BaseObject3D","id":{"uuid":"D9CE3BE9-EA2A-49EA-930B-58FDE6E27888"},"name":"Head","enabled":true,"visible":true,"hitVisible":true,"transform":{"@class":"BaseComponentTransformable","localTransforms":{"values":[1.0,0.0,0.0,0.0,0.0,1.0,0.0,0.0,0.0,0.0,1.0,0.0,-6.055722293365306e-23,0.05620468035340309,0.017245694994926454,1.0]}},"metadata":{"importedIdentifier":"Head","importedName":"Head","isBone":true}}},{"@class":"BaseNode","object3D":{"@class":"BaseObject3D","id":{"uuid":"1DA867A7-B140-48F2-A974-1041A8C2BF4B"},"name":"shoulder.L","enabled":true,"visible":true,"hitVisible":true,"transform":{"@class":"BaseComponentTransformable","localTransforms":{"values":[-0.03103049285709858,-0.020361345261335374,-0.9993110299110413,0.0,0.9315176606178284,-0.3630583882331848,-0.021527927368879319,0.0,-0.36236995458602908,-0.9315438866615295,0.030232835561037065,0.0,0.06019994616508484,0.15867161750793458,-0.0014990087365731598,1.0]}},"metadata":{"importedIdentifier":"shoulder.L","importedName":"shoulder.L","isBone":true}},"children":["C142FB53-A4E1-482E-9A8E-55B2287060DE"]},{"@class":"BaseNode","object3D":{"@class":"BaseObject3D","id":{"uuid":"C142FB53-A4E1-482E-9A8E-55B2287060DE"},"name":"arm.L","enabled":true,"visible":true,"hitVisible":true,"transform":{"@class":"BaseComponentTransformable","localTransforms":{"values":[0.9549835324287415,0.0036406756844371559,-0.2966364622116089,0.0,0.1467229425907135,0.8632675409317017,0.48295098543167117,0.0,0.25783491134643557,-0.5047335624694824,0.8238720893859863,0.0,-1.3154931366443634e-8,0.1292409598827362,2.827655407600105e-7,1.0]}},"metadata":{"importedIdentifier":"arm.L","importedName":"arm.L","isBone":true}},"children":["B9217959-D1E8-4BDE-9378-446312CAEC7C"]},{"@class":"BaseNode","object3D":{"@class":"BaseObject3D","id":{"uuid":"B9217959-D1E8-4BDE-9378-446312CAEC7C"},"name":"forearm.L","enabled":true,"visible":true,"hitVisible":true,"transform":{"@class":"BaseComponentTransformable","localTransforms":{"values":[0.9978021383285523,0.06626341491937638,-0.0002388505236012861,0.0,-0.06624484062194824,0.9974232316017151,-0.027541713789105417,0.0,-0.001586772734299302,0.027497002854943277,0.9996206760406494,0.0,0.0,0.2877011001110077,-1.471489667892456e-7,1.0]}},"metadata":{"importedIdentifier":"forearm.L","importedName":"forearm.L","isBone":true}},"children":["FE834CBD-F211-4A22-B5D2-1C6783667BC1"]},{"@class":"BaseNode","object3D":{"@class":"BaseObject3D","id":{"uuid":"FE834CBD-F211-4A22-B5D2-1C6783667BC1"},"name":"hand.L","enabled":true,"visible":true,"hitVisible":true,"transform":{"@class":"BaseComponentTransformable","localTransforms":{"values":[0.9561898708343506,-0.08308258652687073,0.2807101607322693,0.0,0.06378009915351868,0.9949712753295898,0.07722878456115723,0.0,-0.28571492433547976,-0.055941663682460788,0.956680417060852,0.0,-2.9802322387695315e-8,0.30983150005340578,2.514570951461792e-8,1.0]}},"metadata":{"importedIdentifier":"hand.L","importedName":"hand.L","isBone":true}},"children":["AFC0B99A-B7FB-48F2-A000-137BF6971CB3","496E191A-C58F-40CE-AAD1-FCF39CD86702","22BF3AC3-CC8D-4888-8A05-32954E78D1CF","EDD5507D-3CF0-4A60-9D93-6CF2C8A3F6FD","8395C772-354C-4D19-871F-A9F7482763A6"]},{"@class":"BaseNode","object3D":{"@class":"BaseObject3D","id":{"uuid":"AFC0B99A-B7FB-48F2-A000-137BF6971CB3"},"name":"f_Thumb1.L","enabled":true,"visible":true,"hitVisible":true,"transform":{"@class":"BaseComponentTransformable","localTransforms":{"values":[0.7623831033706665,0.6215456128120422,0.18014712631702424,0.0,-0.6154306530952454,0.6103282570838928,0.49874284863471987,0.0,0.20004257559776307,-0.4911012053489685,0.8478221893310547,0.0,-0.033207137137651446,0.02707117795944214,0.012754978612065316,1.0]}},"metadata":{"importedIdentifier":"f_Thumb1.L","importedName":"f_Thumb1.L","isBone":true}},"children":["456A48D9-5ADD-4867-9211-D9876FF6EC1D"]},{"@class":"BaseNode","object3D":{"@class":"BaseObject3D","id":{"uuid":"456A48D9-5ADD-4867-9211-D9876FF6EC1D"},"name":"f_Thumb2.L","enabled":true,"visible":true,"hitVisible":true,"transform":{"@class":"BaseComponentTransformable","localTransforms":{"values":[0.976478099822998,-0.21559907495975495,-0.0027660802006721498,0.0,0.2150696963071823,0.9730067849159241,0.08368349075317383,0.0,-0.01535066869109869,-0.08230999112129212,0.9964885711669922,0.0,-0.005595860071480274,0.04139723628759384,3.5797711461782458e-8,1.0]}},"metadata":{"importedIdentifier":"f_Thumb2.L","importedName":"f_Thumb2.L","isBone":true}},"children":["75CA5504-0FFB-486E-AB74-940479C02E81"]},{"@class":"BaseNode","object3D":{"@class":"BaseObject3D","id":{"uuid":"75CA5504-0FFB-486E-AB74-940479C02E81"},"name":"f_Thumb3.L","enabled":true,"visible":true,"hitVisible":true,"transform":{"@class":"BaseComponentTransformable","localTransforms":{"values":[0.8551220297813416,-0.5182563662528992,-0.013289593160152436,0.0,0.5156987309455872,0.8477164506912231,0.12422389537096024,0.0,-0.053114015609025958,-0.11308001726865769,0.9921651482582092,0.0,0.0026175156235694887,0.048694826662540439,-8.870847523212433e-8,1.0]}},"metadata":{"importedIdentifier":"f_Thumb3.L","importedName":"f_Thumb3.L","isBone":true}},"children":["9A0A8799-02CD-465A-ACB6-6A1433183FB6"]},{"@class":"BaseNode","object3D":{"@class":"BaseObject3D","id":{"uuid":"9A0A8799-02CD-465A-ACB6-6A1433183FB6"},"name":"f_Thumb4.L","enabled":true,"visible":true,"hitVisible":true,"transform":{"@class":"BaseComponentTransformable","localTransforms":{"values":[1.0,0.0,0.0,0.0,0.0,1.0,0.0,0.0,0.0,0.0,1.0,0.0,0.0029782522469758989,0.04435604438185692,4.7497451305389407e-8,1.0]}},"metadata":{"importedIdentifier":"f_Thumb4.L","importedName":"f_Thumb4.L","isBone":true}}},{"@class":"BaseNode","object3D":{"@class":"BaseObject3D","id":{"uuid":"496E191A-C58F-40CE-AAD1-FCF39CD86702"},"name":"f_Index1.L","enabled":true,"visible":true,"hitVisible":true,"transform":{"@class":"BaseComponentTransformable","localTransforms":{"values":[0.9989414811134338,0.045944612473249438,-0.0022250371985137464,0.0,-0.03983578830957413,0.8882811665534973,0.457569420337677,0.0,0.02299930900335312,-0.45699644088745119,0.8891711235046387,0.0,-0.041353438049554828,0.1034550666809082,0.00018124538473784924,1.0]}},"metadata":{"importedIdentifier":"f_Index1.L","importedName":"f_Index1.L","isBone":true}},"children":["D94765F0-45B1-4464-9FC7-8BFA4625A9A9"]},{"@class":"BaseNode","object3D":{"@class":"BaseObject3D","id":{"uuid":"D94765F0-45B1-4464-9FC7-8BFA4625A9A9"},"name":"f_Index2.L","enabled":true,"visible":true,"hitVisible":true,"transform":{"@class":"BaseComponentTransformable","localTransforms":{"values":[0.9997166395187378,0.023800745606422426,0.0002906990412157029,0.0,-0.02202550880610943,0.9203819632530212,0.39039963483810427,0.0,0.009024248458445073,-0.39029544591903689,0.9206454157829285,0.0,0.000025457702577114106,0.055732790380716327,-1.3515818864107133e-7,1.0]}},"metadata":{"importedIdentifier":"f_Index2.L","importedName":"f_Index2.L","isBone":true}},"children":["498CA4EF-FAB3-47D0-BFDC-15D594338390"]},{"@class":"BaseNode","object3D":{"@class":"BaseObject3D","id":{"uuid":"498CA4EF-FAB3-47D0-BFDC-15D594338390"},"name":"f_Index3.L","enabled":true,"visible":true,"hitVisible":true,"transform":{"@class":"BaseComponentTransformable","localTransforms":{"values":[1.0,-1.1640580055427563e-8,-6.832965482317377e-7,0.0,2.1560211393989449e-7,0.9541662335395813,0.2992771863937378,0.0,6.484947334683966e-7,-0.2992771863937378,0.9541662335395813,0.0,0.00001517031341791153,0.039024803787469867,7.182825356721878e-8,1.0]}},"metadata":{"importedIdentifier":"f_Index3.L","importedName":"f_Index3.L","isBone":true}},"children":["EEF3C60A-B310-4C3A-B9FC-D654061DDF37"]},{"@class":"BaseNode","object3D":{"@class":"BaseObject3D","id":{"uuid":"EEF3C60A-B310-4C3A-B9FC-D654061DDF37"},"name":"f_Index4.L","enabled":true,"visible":true,"hitVisible":true,"transform":{"@class":"BaseComponentTransformable","localTransforms":{"values":[1.0,-6.768948956903387e-9,5.587248779193033e-7,0.0,-2.051406653436061e-7,0.9256532788276672,0.3783729076385498,0.0,-5.197467203288397e-7,-0.3783729076385498,0.9256532788276672,0.0,-0.000040611252188682559,0.03372688591480255,-1.0064104571938515e-7,1.0]}},"metadata":{"importedIdentifier":"f_Index4.L","importedName":"f_Index4.L","isBone":true}}},{"@class":"BaseNode","object3D":{"@class":"BaseObject3D","id":{"uuid":"22BF3AC3-CC8D-4888-8A05-32954E78D1CF"},"name":"f_Middle1.L","enabled":true,"visible":true,"hitVisible":true,"transform":{"@class":"BaseComponentTransformable","localTransforms":{"values":[0.9994407892227173,0.03343548998236656,-0.0004071893054060638,0.0,-0.02993757277727127,0.9001738429069519,0.434500515460968,0.0,0.014894278720021248,-0.43424534797668459,0.9006714820861816,0.0,-0.016195055097341539,0.10795360803604126,-0.0035378537140786649,1.0]}},"metadata":{"importedIdentifier":"f_Middle1.L","importedName":"f_Middle1.L","isBone":true}},"children":["207DD46E-5041-46D6-A66F-975531BFFE21"]},{"@class":"BaseNode","object3D":{"@class":"BaseObject3D","id":{"uuid":"207DD46E-5041-46D6-A66F-975531BFFE21"},"name":"f_Middle2.L","enabled":true,"visible":true,"hitVisible":true,"transform":{"@class":"BaseComponentTransformable","localTransforms":{"values":[0.9999696016311646,0.00779617577791214,0.00003975090294261463,0.0,-0.007254644297063351,0.9286190867424011,0.370963454246521,0.0,0.00285518285818398,-0.3709524869918823,0.9286474585533142,0.0,0.0000309208407998085,0.05019683018326759,-9.499490261077881e-8,1.0]}},"metadata":{"importedIdentifier":"f_Middle2.L","importedName":"f_Middle2.L","isBone":true}},"children":["9ECADBAA-35DB-4E14-A71F-4216CE2C49B7"]},{"@class":"BaseNode","object3D":{"@class":"BaseObject3D","id":{"uuid":"9ECADBAA-35DB-4E14-A71F-4216CE2C49B7"},"name":"f_Middle3.L","enabled":true,"visible":true,"hitVisible":true,"transform":{"@class":"BaseComponentTransformable","localTransforms":{"values":[1.0,1.239603619751506e-7,-8.080293127932237e-7,0.0,1.3013038824283286e-7,0.9516944289207459,0.3070467412471771,0.0,8.070585977293376e-7,-0.3070467412471771,0.9516944289207459,0.0,0.000013368204236030579,0.041815221309661868,5.3085386753082278e-8,1.0]}},"metadata":{"importedIdentifier":"f_Middle3.L","importedName":"f_Middle3.L","isBone":true}},"children":["093A59B3-9094-4C48-9491-D18DCC2078E2"]},{"@class":"BaseNode","object3D":{"@class":"BaseObject3D","id":{"uuid":"093A59B3-9094-4C48-9491-D18DCC2078E2"},"name":"f_Middle4.L","enabled":true,"visible":true,"hitVisible":true,"transform":{"@class":"BaseComponentTransformable","localTransforms":{"values":[1.0,-1.1299576385681576e-7,0.0000011183411743331818,0.0,-3.1855614679443536e-7,0.9256528615951538,0.37837380170822146,0.0,-0.0000010779504009406083,-0.37837380170822146,0.9256528615951538,0.0,-0.000044293818064033988,0.036707259714603427,-2.2817403078079225e-8,1.0]}},"metadata":{"importedIdentifier":"f_Middle4.L","importedName":"f_Middle4.L","isBone":true}}},{"@class":"BaseNode","object3D":{"@class":"BaseObject3D","id":{"uuid":"EDD5507D-3CF0-4A60-9D93-6CF2C8A3F6FD"},"name":"f_Ring1.L","enabled":true,"visible":true,"hitVisible":true,"transform":{"@class":"BaseComponentTransformable","localTransforms":{"values":[0.9996649622917175,0.025882678106427194,0.00009714359475765377,0.0,-0.022848470136523248,0.8806992173194885,0.47312453389167788,0.0,0.01216017547994852,-0.4729682207107544,0.8809955716133118,0.0,0.014740650542080403,0.1055852398276329,-0.005821872502565384,1.0]}},"metadata":{"importedIdentifier":"f_Ring1.L","importedName":"f_Ring1.L","isBone":true}},"children":["393B86D6-7B1B-49B8-8170-BAF0F5DB10C9"]},{"@class":"BaseNode","object3D":{"@class":"BaseObject3D","id":{"uuid":"393B86D6-7B1B-49B8-8170-BAF0F5DB10C9"},"name":"f_Ring2.L","enabled":true,"visible":true,"hitVisible":true,"transform":{"@class":"BaseComponentTransformable","localTransforms":{"values":[1.0,1.6219998144606508e-7,-9.768313020686037e-7,0.0,1.8920835032076867e-7,0.9370165467262268,0.3492848873138428,0.0,9.719610716274474e-7,-0.3492848873138428,0.9370165467262268,0.0,0.0000527786323800683,0.04401015862822533,-1.4156103134155274e-7,1.0]}},"metadata":{"importedIdentifier":"f_Ring2.L","importedName":"f_Ring2.L","isBone":true}},"children":["CA92DEAE-1648-4043-8072-76280D797D00"]},{"@class":"BaseNode","object3D":{"@class":"BaseObject3D","id":{"uuid":"CA92DEAE-1648-4043-8072-76280D797D00"},"name":"f_Ring3.L","enabled":true,"visible":true,"hitVisible":true,"transform":{"@class":"BaseComponentTransformable","localTransforms":{"values":[1.0,5.505703892794145e-9,5.473899022945261e-7,0.0,-1.5095645267138026e-7,0.9639511108398438,0.26607948541641238,0.0,-5.261921387500479e-7,-0.26607948541641238,0.9639511108398438,0.0,0.000025247689336538316,0.042351797223091128,-7.264316082000733e-8,1.0]}},"metadata":{"importedIdentifier":"f_Ring3.L","importedName":"f_Ring3.L","isBone":true}},"children":["DC7FE229-43F2-4840-B402-34FFA9F5CFFE"]},{"@class":"BaseNode","object3D":{"@class":"BaseObject3D","id":{"uuid":"DC7FE229-43F2-4840-B402-34FFA9F5CFFE"},"name":"f_Ring4.L","enabled":true,"visible":true,"hitVisible":true,"transform":{"@class":"BaseComponentTransformable","localTransforms":{"values":[1.0,-1.8338228358061316e-7,1.7651128558782149e-8,0.0,1.6306971417634487e-7,0.925653338432312,0.3783727288246155,0.0,-8.572568077624965e-8,-0.3783727288246155,0.925653338432312,0.0,-0.00007804040797054768,0.03784975782036781,-2.1420419216156007e-8,1.0]}},"metadata":{"importedIdentifier":"f_Ring4.L","importedName":"f_Ring4.L","isBone":true}}},{"@class":"BaseNode","object3D":{"@class":"BaseObject3D","id":{"uuid":"8395C772-354C-4D19-871F-A9F7482763A6"},"name":"f_Pinky1.L","enabled":true,"visible":true,"hitVisible":true,"transform":{"@class":"BaseComponentTransformable","localTransforms":{"values":[0.999797523021698,0.020104382187128068,-0.0008153424714691937,0.0,-0.018055057153105737,0.9142945408821106,0.4046473205089569,0.0,0.008880647830665112,-0.404550701379776,0.9144724607467651,0.0,0.04136395454406738,0.10404146462678909,0.002255639061331749,1.0]}},"metadata":{"importedIdentifier":"f_Pinky1.L","importedName":"f_Pinky1.L","isBone":true}},"children":["134099DD-940F-41DD-AA61-1753C5FC9ACA"]},{"@class":"BaseNode","object3D":{"@class":"BaseObject3D","id":{"uuid":"134099DD-940F-41DD-AA61-1753C5FC9ACA"},"name":"f_Pinky2.L","enabled":true,"visible":true,"hitVisible":true,"transform":{"@class":"BaseComponentTransformable","localTransforms":{"values":[0.9997298121452332,0.023241546005010606,0.0002649616217240691,0.0,-0.020913561806082727,0.8945010304450989,0.44657644629478457,0.0,0.01014211867004633,-0.44646134972572329,0.894745409488678,0.0,0.000002304092049598694,0.04885544627904892,-6.798654794692993e-8,1.0]}},"metadata":{"importedIdentifier":"f_Pinky2.L","importedName":"f_Pinky2.L","isBone":true}},"children":["79EFF61E-DA5E-4FF2-8E6A-21DFA300CB44"]},{"@class":"BaseNode","object3D":{"@class":"BaseObject3D","id":{"uuid":"79EFF61E-DA5E-4FF2-8E6A-21DFA300CB44"},"name":"f_Pinky3.L","enabled":true,"visible":true,"hitVisible":true,"transform":{"@class":"BaseComponentTransformable","localTransforms":{"values":[1.0,-3.970880300130375e-7,3.1008357836981306e-7,0.0,3.0256813943196905e-7,0.9654523730278015,0.26057958602905276,0.0,-4.028439661851735e-7,-0.26057958602905276,0.9654523730278015,0.0,0.00003281235694885254,0.028314607217907907,-1.862645149230957e-9,1.0]}},"metadata":{"importedIdentifier":"f_Pinky3.L","importedName":"f_Pinky3.L","isBone":true}},"children":["8E5A0F0B-7FA7-4242-80F7-177D905474CF"]},{"@class":"BaseNode","object3D":{"@class":"BaseObject3D","id":{"uuid":"8E5A0F0B-7FA7-4242-80F7-177D905474CF"},"name":"f_Pinky4.L","enabled":true,"visible":true,"hitVisible":true,"transform":{"@class":"BaseComponentTransformable","localTransforms":{"values":[1.0,2.867328703359817e-7,-1.3258146225325619e-7,0.0,-2.1524995474919707e-7,0.9256532192230225,0.3783729672431946,0.0,2.3121643266676984e-7,-0.3783729672431946,0.9256532192230225,0.0,-0.0000351504422724247,0.024687353521585466,8.288770914077759e-8,1.0]}},"metadata":{"importedIdentifier":"f_Pinky4.L","importedName":"f_Pinky4.L","isBone":true}}},{"@class":"BaseNode","object3D":{"@class":"BaseObject3D","id":{"uuid":"837160DA-0209-4B5E-BB89-655A78DDDF6B"},"name":"shoulder.R","enabled":true,"visible":true,"hitVisible":true,"transform":{"@class":"BaseComponentTransformable","localTransforms":{"values":[-0.03103049285709858,0.020361345261335374,0.9993110299110413,0.0,-0.9315176606178284,-0.3630583882331848,-0.021527927368879319,0.0,0.36236995458602908,-0.9315438866615295,0.030232835561037065,0.0,-0.06019994616508484,0.15867161750793458,-0.0014990087365731598,1.0]}},"metadata":{"importedIdentifier":"shoulder.R","importedName":"shoulder.R","isBone":true}},"children":["66FA9ED9-901F-40E3-B80D-B70683CC4F01"]},{"@class":"BaseNode","object3D":{"@class":"BaseObject3D","id":{"uuid":"66FA9ED9-901F-40E3-B80D-B70683CC4F01"},"name":"arm.R","enabled":true,"visible":true,"hitVisible":true,"transform":{"@class":"BaseComponentTransformable","localTransforms":{"values":[0.9554356932640076,-0.0027812900952994825,0.2951861619949341,0.0,-0.14671450853347779,0.8632371425628662,0.4830077290534973,0.0,-0.2561590373516083,-0.5047909021377564,0.8243595361709595,0.0,1.3154931366443634e-8,0.1292409598827362,2.827655407600105e-7,1.0]}},"metadata":{"importedIdentifier":"arm.R","importedName":"arm.R","isBone":true}},"children":["8697E392-61A4-40A9-9C68-FFD278A34784"]},{"@class":"BaseNode","object3D":{"@class":"BaseObject3D","id":{"uuid":"8697E392-61A4-40A9-9C68-FFD278A34784"},"name":"forearm.R","enabled":true,"visible":true,"hitVisible":true,"transform":{"@class":"BaseComponentTransformable","localTransforms":{"values":[0.9978021383285523,-0.06626341491937638,0.00023883413814473897,0.0,0.06624484062194824,0.9974232316017151,-0.027541669085621835,0.0,0.001586786238476634,0.027496956288814546,0.9996206760406494,0.0,-1.1175870895385743e-8,0.2877013683319092,-5.4016709327697757e-8,1.0]}},"metadata":{"importedIdentifier":"forearm.R","importedName":"forearm.R","isBone":true}},"children":["8D614747-6A0D-4852-833B-F5B32EE65DBF"]},{"@class":"BaseNode","object3D":{"@class":"BaseObject3D","id":{"uuid":"8D614747-6A0D-4852-833B-F5B32EE65DBF"},"name":"hand.R","enabled":true,"visible":true,"hitVisible":true,"transform":{"@class":"BaseComponentTransformable","localTransforms":{"values":[0.9561898708343506,0.08308259397745133,-0.2807101607322693,0.0,-0.06378009915351868,0.9949712753295898,0.07722880691289902,0.0,0.28571492433547976,-0.05594168230891228,0.956680417060852,0.0,-2.9802322387695315e-8,0.30983155965805056,4.6566128730773929e-9,1.0]}},"metadata":{"importedIdentifier":"hand.R","importedName":"hand.R","isBone":true}},"children":["702C32B9-1AD5-4E6D-9411-C28DB421609B","A9BCBA57-9491-4A52-867D-FF32D780F835","7F192C10-3E50-4F09-A01D-0CC66BED93F6","CDD82F10-4BC7-4BD3-9A11-8D8D60EBC403","F6921C31-8A69-448B-BC82-14C0D3079AAF"]},{"@class":"BaseNode","object3D":{"@class":"BaseObject3D","id":{"uuid":"702C32B9-1AD5-4E6D-9411-C28DB421609B"},"name":"f_Thumb1.R","enabled":true,"visible":true,"hitVisible":true,"transform":{"@class":"BaseComponentTransformable","localTransforms":{"values":[0.7623831033706665,-0.6215456128120422,-0.1801471710205078,0.0,0.6154307126998901,0.610328197479248,0.49874284863471987,0.0,-0.20004254579544068,-0.4911012351512909,0.8478221893310547,0.0,0.03320711851119995,0.02707098424434662,0.012754939496517182,1.0]}},"metadata":{"importedIdentifier":"f_Thumb1.R","importedName":"f_Thumb1.R","isBone":true}},"children":["A557AC25-3253-4CCA-99F0-8459350D45C7"]},{"@class":"BaseNode","object3D":{"@class":"BaseObject3D","id":{"uuid":"A557AC25-3253-4CCA-99F0-8459350D45C7"},"name":"f_Thumb2.R","enabled":true,"visible":true,"hitVisible":true,"transform":{"@class":"BaseComponentTransformable","localTransforms":{"values":[0.976478099822998,0.21559904515743257,0.0027660790365189316,0.0,-0.21506966650485993,0.9730067849159241,0.08368349075317383,0.0,0.015350665897130967,-0.08230999112129212,0.9964885711669922,0.0,0.00559589546173811,0.0413970947265625,4.720641300082207e-8,1.0]}},"metadata":{"importedIdentifier":"f_Thumb2.R","importedName":"f_Thumb2.R","isBone":true}},"children":["DCD232F7-86FE-4975-806A-50B6A71DDFD2"]},{"@class":"BaseNode","object3D":{"@class":"BaseObject3D","id":{"uuid":"DCD232F7-86FE-4975-806A-50B6A71DDFD2"},"name":"f_Thumb3.R","enabled":true,"visible":true,"hitVisible":true,"transform":{"@class":"BaseComponentTransformable","localTransforms":{"values":[0.8551221489906311,0.5182561874389648,0.013289589434862137,0.0,-0.5156985521316528,0.8477165699005127,0.12422389537096024,0.0,0.05311399698257446,-0.11308002471923828,0.9921651482582092,0.0,-0.00261758454144001,0.04869469255208969,-9.220093488693237e-8,1.0]}},"metadata":{"importedIdentifier":"f_Thumb3.R","importedName":"f_Thumb3.R","isBone":true}},"children":["DC3CD669-51C4-462C-B7BF-F0A7107353C2"]},{"@class":"BaseNode","object3D":{"@class":"BaseObject3D","id":{"uuid":"DC3CD669-51C4-462C-B7BF-F0A7107353C2"},"name":"f_Thumb4.R","enabled":true,"visible":true,"hitVisible":true,"transform":{"@class":"BaseComponentTransformable","localTransforms":{"values":[1.0,0.0,0.0,0.0,0.0,1.0,0.0,0.0,0.0,0.0,1.0,0.0,-0.0029782522469758989,0.04435613378882408,3.236345946788788e-8,1.0]}},"metadata":{"importedIdentifier":"f_Thumb4.R","importedName":"f_Thumb4.R","isBone":true}}},{"@class":"BaseNode","object3D":{"@class":"BaseObject3D","id":{"uuid":"A9BCBA57-9491-4A52-867D-FF32D780F835"},"name":"f_Index1.R","enabled":true,"visible":true,"hitVisible":true,"transform":{"@class":"BaseComponentTransformable","localTransforms":{"values":[0.9989414811134338,-0.04594462737441063,0.0022250411566346885,0.0,0.03983580321073532,0.8882811665534973,0.457569420337677,0.0,-0.022999318316578866,-0.45699644088745119,0.8891711235046387,0.0,0.04135343059897423,0.10345492511987686,0.00018119846936315298,1.0]}},"metadata":{"importedIdentifier":"f_Index1.R","importedName":"f_Index1.R","isBone":true}},"children":["AB50FB33-E29D-4608-AA91-E7FBFD34BEFD"]},{"@class":"BaseNode","object3D":{"@class":"BaseObject3D","id":{"uuid":"AB50FB33-E29D-4608-AA91-E7FBFD34BEFD"},"name":"f_Index2.R","enabled":true,"visible":true,"hitVisible":true,"transform":{"@class":"BaseComponentTransformable","localTransforms":{"values":[0.9997166395187378,-0.023800745606422426,-0.00029069287120364606,0.0,0.02202550508081913,0.920382022857666,0.3903995752334595,0.0,-0.009024253115057946,-0.3902953863143921,0.9206454753875732,0.0,-0.000025447923690080644,0.05573293939232826,-2.0209699869155885e-7,1.0]}},"metadata":{"importedIdentifier":"f_Index2.R","importedName":"f_Index2.R","isBone":true}},"children":["B6E9990E-E535-4328-9083-548C76F6F11B"]},{"@class":"BaseNode","object3D":{"@class":"BaseObject3D","id":{"uuid":"B6E9990E-E535-4328-9083-548C76F6F11B"},"name":"f_Index3.R","enabled":true,"visible":true,"hitVisible":true,"transform":{"@class":"BaseComponentTransformable","localTransforms":{"values":[1.0,1.0245717163570589e-8,6.861806127744785e-7,0.0,-2.1513432102437947e-7,0.9541662335395813,0.2992771863937378,0.0,-6.516640382869809e-7,-0.2992771863937378,0.9541662335395813,0.0,-0.00001517031341791153,0.039024751633405688,5.168840289115906e-8,1.0]}},"metadata":{"importedIdentifier":"f_Index3.R","importedName":"f_Index3.R","isBone":true}},"children":["CAFDBDA1-C109-4FCE-BA08-2479D4A92D85"]},{"@class":"BaseNode","object3D":{"@class":"BaseObject3D","id":{"uuid":"CAFDBDA1-C109-4FCE-BA08-2479D4A92D85"},"name":"f_Index4.R","enabled":true,"visible":true,"hitVisible":true,"transform":{"@class":"BaseComponentTransformable","localTransforms":{"values":[1.0,3.791958747001445e-9,-5.583424922406266e-7,0.0,2.07751583047866e-7,0.9256532788276672,0.37837281823158266,0.0,5.182663471714477e-7,-0.37837281823158266,0.9256532788276672,0.0,0.000040626153349876407,0.03372671455144882,-1.7799902707338334e-7,1.0]}},"metadata":{"importedIdentifier":"f_Index4.R","importedName":"f_Index4.R","isBone":true}}},{"@class":"BaseNode","object3D":{"@class":"BaseObject3D","id":{"uuid":"7F192C10-3E50-4F09-A01D-0CC66BED93F6"},"name":"f_Middle1.R","enabled":true,"visible":true,"hitVisible":true,"transform":{"@class":"BaseComponentTransformable","localTransforms":{"values":[0.9994407892227173,-0.03343550115823746,0.00040719989920035005,0.0,0.02993757836520672,0.9001738429069519,0.4345005750656128,0.0,-0.014894295483827591,-0.43424540758132937,0.9006714820861816,0.0,0.016195042058825494,0.10795337706804276,-0.0035380064509809019,1.0]}},"metadata":{"importedIdentifier":"f_Middle1.R","importedName":"f_Middle1.R","isBone":true}},"children":["F09FC44A-783C-4A1B-B944-C601E5D1F0B4"]},{"@class":"BaseNode","object3D":{"@class":"BaseObject3D","id":{"uuid":"F09FC44A-783C-4A1B-B944-C601E5D1F0B4"},"name":"f_Middle2.R","enabled":true,"visible":true,"hitVisible":true,"transform":{"@class":"BaseComponentTransformable","localTransforms":{"values":[0.9999696016311646,-0.007796178106218576,-0.00003974296123487875,0.0,0.007254643831402063,0.9286190867424011,0.370963454246521,0.0,-0.0028551912400871517,-0.3709524869918823,0.9286474585533142,0.0,-0.000030922237783670428,0.050196729600429538,-2.3283064365386964e-7,1.0]}},"metadata":{"importedIdentifier":"f_Middle2.R","importedName":"f_Middle2.R","isBone":true}},"children":["51200E17-5170-48DE-8BE9-BF102B55A62A"]},{"@class":"BaseNode","object3D":{"@class":"BaseObject3D","id":{"uuid":"51200E17-5170-48DE-8BE9-BF102B55A62A"},"name":"f_Middle3.R","enabled":true,"visible":true,"hitVisible":true,"transform":{"@class":"BaseComponentTransformable","localTransforms":{"values":[1.0,-1.296380816029341e-7,8.215598086280806e-7,0.0,-1.2888141043276847e-7,0.9516944289207459,0.30704671144485476,0.0,-8.216788387471752e-7,-0.30704671144485476,0.9516944289207459,0.0,-0.000013357086572796107,0.041815001517534259,8.847564458847046e-9,1.0]}},"metadata":{"importedIdentifier":"f_Middle3.R","importedName":"f_Middle3.R","isBone":true}},"children":["19B57CDB-D23B-42A8-99C3-86A753BE1FF3"]},{"@class":"BaseNode","object3D":{"@class":"BaseObject3D","id":{"uuid":"19B57CDB-D23B-42A8-99C3-86A753BE1FF3"},"name":"f_Middle4.R","enabled":true,"visible":true,"hitVisible":true,"transform":{"@class":"BaseComponentTransformable","localTransforms":{"values":[1.0,1.1524281262609293e-7,-0.0000011195469369340572,0.0,3.169323861129669e-7,0.9256528615951538,0.37837380170822146,0.0,0.0000010799166147990036,-0.37837380170822146,0.9256528615951538,0.0,0.000044291955418884757,0.03670722246170044,-9.313225746154786e-10,1.0]}},"metadata":{"importedIdentifier":"f_Middle4.R","importedName":"f_Middle4.R","isBone":true}}},{"@class":"BaseNode","object3D":{"@class":"BaseObject3D","id":{"uuid":"CDD82F10-4BC7-4BD3-9A11-8D8D60EBC403"},"name":"f_Ring1.R","enabled":true,"visible":true,"hitVisible":true,"transform":{"@class":"BaseComponentTransformable","localTransforms":{"values":[0.9996649622917175,-0.0258826594799757,-0.0000971556146396324,0.0,0.0228484608232975,0.8806992769241333,0.4731243848800659,0.0,-0.012160152196884156,-0.47296807169914248,0.8809956312179565,0.0,-0.014740651473402977,0.105585016310215,-0.005822058767080307,1.0]}},"metadata":{"importedIdentifier":"f_Ring1.R","importedName":"f_Ring1.R","isBone":true}},"children":["568B2E20-9EFC-447D-B4D7-043372F7C274"]},{"@class":"BaseNode","object3D":{"@class":"BaseObject3D","id":{"uuid":"568B2E20-9EFC-447D-B4D7-043372F7C274"},"name":"f_Ring2.R","enabled":true,"visible":true,"hitVisible":true,"transform":{"@class":"BaseComponentTransformable","localTransforms":{"values":[1.0,-1.6014459447433183e-7,9.787645467440598e-7,0.0,-1.9180951937869396e-7,0.9370165467262268,0.3492848873138428,0.0,-9.730547390063294e-7,-0.3492848873138428,0.9370165467262268,0.0,-0.00005275814328342676,0.044010013341903689,-6.51925802230835e-9,1.0]}},"metadata":{"importedIdentifier":"f_Ring2.R","importedName":"f_Ring2.R","isBone":true}},"children":["11ED2D96-2E62-4BDB-9BD0-F9C2ACEFA2EA"]},{"@class":"BaseNode","object3D":{"@class":"BaseObject3D","id":{"uuid":"11ED2D96-2E62-4BDB-9BD0-F9C2ACEFA2EA"},"name":"f_Ring3.R","enabled":true,"visible":true,"hitVisible":true,"transform":{"@class":"BaseComponentTransformable","localTransforms":{"values":[1.0,-6.1771787684961058e-9,-5.529342388399527e-7,0.0,1.530789575099334e-7,0.9639511108398438,0.26607948541641238,0.0,5.313579549692804e-7,-0.26607948541641238,0.9639511108398438,0.0,-0.00002525246236473322,0.04235159978270531,-7.543712854385376e-8,1.0]}},"metadata":{"importedIdentifier":"f_Ring3.R","importedName":"f_Ring3.R","isBone":true}},"children":["628A2FAC-F823-4D10-B579-DE92D6FA0C1F"]},{"@class":"BaseNode","object3D":{"@class":"BaseObject3D","id":{"uuid":"628A2FAC-F823-4D10-B579-DE92D6FA0C1F"},"name":"f_Ring4.R","enabled":true,"visible":true,"hitVisible":true,"transform":{"@class":"BaseComponentTransformable","localTransforms":{"values":[1.0,1.8723665107245325e-7,-2.00374437042683e-8,0.0,-1.6573461891766784e-7,0.925653338432312,0.3783726692199707,0.0,8.939295526033675e-8,-0.3783726692199707,0.925653338432312,0.0,0.00007803027983754873,0.03784968703985214,1.2759119272232056e-7,1.0]}},"metadata":{"importedIdentifier":"f_Ring4.R","importedName":"f_Ring4.R","isBone":true}}},{"@class":"BaseNode","object3D":{"@class":"BaseObject3D","id":{"uuid":"F6921C31-8A69-448B-BC82-14C0D3079AAF"},"name":"f_Pinky1.R","enabled":true,"visible":true,"hitVisible":true,"transform":{"@class":"BaseComponentTransformable","localTransforms":{"values":[0.999797523021698,-0.020104382187128068,0.0008153434609994292,0.0,0.018055057153105737,0.9142945408821106,0.4046473205089569,0.0,-0.008880648761987687,-0.404550701379776,0.9144724607467651,0.0,-0.04136399179697037,0.10404118150472641,0.002255607396364212,1.0]}},"metadata":{"importedIdentifier":"f_Pinky1.R","importedName":"f_Pinky1.R","isBone":true}},"children":["59FD429D-42EC-47F9-8094-27934485C515"]},{"@class":"BaseNode","object3D":{"@class":"BaseObject3D","id":{"uuid":"59FD429D-42EC-47F9-8094-27934485C515"},"name":"f_Pinky2.R","enabled":true,"visible":true,"hitVisible":true,"transform":{"@class":"BaseComponentTransformable","localTransforms":{"values":[0.9997298121452332,-0.023241549730300905,-0.0002649659290909767,0.0,0.020913567394018174,0.8945010304450989,0.44657641649246218,0.0,-0.010142115876078606,-0.4464613199234009,0.894745409488678,0.0,-0.000002305954694747925,0.04885558784008026,-1.695007085800171e-7,1.0]}},"metadata":{"importedIdentifier":"f_Pinky2.R","importedName":"f_Pinky2.R","isBone":true}},"children":["BEF51A62-6965-416D-80E3-32B1CC79E042"]},{"@class":"BaseNode","object3D":{"@class":"BaseObject3D","id":{"uuid":"BEF51A62-6965-416D-80E3-32B1CC79E042"},"name":"f_Pinky3.R","enabled":true,"visible":true,"hitVisible":true,"transform":{"@class":"BaseComponentTransformable","localTransforms":{"values":[1.0,3.9589087919011947e-7,-3.233915606415394e-7,0.0,-2.9794455258524979e-7,0.9654523730278015,0.2605796158313751,0.0,4.153802422024455e-7,-0.2605796158313751,0.9654523730278015,0.0,-0.00003281235694885254,0.02831466868519783,5.587935447692871e-9,1.0]}},"metadata":{"importedIdentifier":"f_Pinky3.R","importedName":"f_Pinky3.R","isBone":true}},"children":["93FAC580-3A23-4CAA-A22C-8F620D500E7C"]},{"@class":"BaseNode","object3D":{"@class":"BaseObject3D","id":{"uuid":"93FAC580-3A23-4CAA-A22C-8F620D500E7C"},"name":"f_Pinky4.R","enabled":true,"visible":true,"hitVisible":true,"transform":{"@class":"BaseComponentTransformable","localTransforms":{"values":[1.0,-2.835965915437555e-7,1.276962962037942e-7,0.0,2.141952677447989e-7,0.9256532192230225,0.3783729672431946,0.0,-2.255077617974166e-7,-0.3783729672431946,0.9256532192230225,0.0,0.00003512576222419739,0.0246872715651989,2.0954757928848267e-7,1.0]}},"metadata":{"importedIdentifier":"f_Pinky4.R","importedName":"f_Pinky4.R","isBone":true}}},{"@class":"BaseNode","object