{"@class":"BaseSkinController","id":{"uuid":"106C4DA2-6831-483F-9BC4-115A2944D11D"},"boneInfoCollection":[{"@class":"BoneInfo","index":0,"offset":{"values":[1.0,-1.5566392619348335e-9,5.446577233669814e-8,0.0,5.4465775889411819e-8,7.152557373046875e-7,-0.9999999403953552,0.0,1.556601958441206e-9,0.9999999403953552,7.152557373046875e-7,0.0,-0.5400044322013855,0.23568078875541688,1.8954803943634034,1.0]}},{"@class":"BoneInfo","index":1,"offset":{"values":[1.0,-1.5566392619348335e-9,5.446577233669814e-8,0.0,5.4465775889411819e-8,7.152557373046875e-7,-0.9999999403953552,0.0,1.556601958441206e-9,0.9999999403953552,7.152557373046875e-7,0.0,-0.5399438738822937,0.41301101446151736,1.8558154106140137,1.0]}},{"@class":"BoneInfo","index":2,"offset":{"values":[1.0,-1.5566392619348335e-9,5.446577233669814e-8,0.0,5.4465775889411819e-8,7.152557373046875e-7,-0.9999999403953552,0.0,1.556601958441206e-9,0.9999999403953552,7.152557373046875e-7,0.0,-0.5399048924446106,0.1446821689605713,2.2198104858398439,1.0]}},{"@class":"BoneInfo","index":3,"offset":{"values":[1.0,-1.5566392619348335e-9,5.446577233669814e-8,0.0,5.4465775889411819e-8,7.152557373046875e-7,-0.9999999403953552,0.0,1.556601958441206e-9,0.9999999403953552,7.152557373046875e-7,0.0,-0.5397754311561585,0.30101296305656435,2.1474781036376955,1.0]}},{"@class":"BoneInfo","index":4,"offset":{"values":[1.0,-1.5566392619348335e-9,5.446577233669814e-8,0.0,5.4465775889411819e-8,7.152557373046875e-7,-0.9999999403953552,0.0,1.556601958441206e-9,0.9999999403953552,7.152557373046875e-7,0.0,-0.5398075580596924,0.3686780035495758,1.8114845752716065,1.0]}},{"@class":"BoneInfo","index":5,"offset":{"values":[-1.1920928955078126e-7,1.0000001192092896,0.000001080334186553955,0.0,-0.9841529726982117,-3.576278118089249e-7,0.17732110619544984,0.0,0.17732112109661103,-0.000001050531750479422,0.9841529726982117,0.0,-0.10034602135419846,-0.6396048069000244,-0.23588579893112184,1.0]}},{"@class":"BoneInfo","index":6,"offset":{"values":[-0.06670034676790238,0.88733971118927,0.45626696944236758,0.0,-0.9961963891983032,-0.033528443425893787,-0.08042549341917038,0.0,-0.056066788733005527,-0.4598959684371948,0.8862011432647705,0.0,-0.000036672605347121137,0.017024071887135507,-0.5179069638252258,1.0]}},{"@class":"BoneInfo","index":7,"offset":{"values":[7.748603820800781e-7,1.0,0.000001080334186553955,0.0,-0.9838718175888062,5.960463909104874e-7,0.1788746863603592,0.0,0.17887470126152039,-0.0000012218952178955079,0.9838718771934509,0.0,-0.10072001069784165,-1.5691215991973878,-0.23572713136672975,1.0]}},{"@class":"BoneInfo","index":8,"offset":{"values":[8.940697853176971e-7,-1.0000001192092896,0.00007828325760783628,0.0,0.9972900748252869,-0.000004887581326329382,-0.07357142120599747,0.0,0.07357144355773926,0.00007813426782377064,0.997290313243866,0.0,-0.008914407342672348,-0.6393554210662842,-0.24994191527366639,1.0]}},{"@class":"BoneInfo","index":9,"offset":{"values":[7.748604957669158e-7,-1.000000238418579,0.00007928908598842099,0.0,0.9972812533378601,-0.000005125998995936243,-0.07368885725736618,0.0,0.07368887960910797,0.00007913636363809928,0.9972814917564392,0.0,-0.008943842723965645,-1.5676677227020264,-0.2499387413263321,1.0]}},{"@class":"BoneInfo","index":10,"offset":{"values":[0.007726788520812988,-0.8873733282089233,-0.460986852645874,0.0,0.9982943534851074,0.03352392092347145,-0.047798849642276767,0.0,0.05786949396133423,-0.45983120799064639,0.8861187100410461,0.0,-0.00004037083999719471,0.019466588273644449,-0.5166831016540527,1.0]}},{"@class":"BoneInfo","index":11,"offset":{"values":[0.00030529493233188987,0.9999998211860657,-8.800996624813706e-7,0.0,-0.9997790455818176,0.00030517569393850863,-0.021005989983677865,0.0,-0.02100599743425846,0.0000072941193138831299,0.999779462814331,0.0,-0.1443488746881485,-3.3623478412628176,-0.25424253940582278,1.0]}},{"@class":"BoneInfo","index":12,"offset":{"values":[0.000490546110086143,0.9999997019767761,1.33179099748304e-7,0.0,-0.9997783899307251,0.0004904269007965922,-0.021035077050328256,0.0,-0.021035078912973405,0.000010184943675994873,0.9997787475585938,0.0,-0.14490164816379548,-3.2397384643554689,-0.2542511820793152,1.0]}},{"@class":"BoneInfo","index":13,"offset":{"values":[-0.0007147788419388235,0.9999997019767761,1.2572853336223489e-7,0.0,-0.9997785091400147,-0.0007146595744416118,-0.021027080714702607,0.0,-0.021027078852057458,-0.000015153551430557855,0.9997790455818176,0.0,-0.14109236001968385,-3.1141180992126467,-0.254249632358551,1.0]}},{"@class":"BoneInfo","index":14,"offset":{"values":[-0.11561454832553864,0.9931582808494568,0.01644422672688961,0.0,-0.9931342601776123,-0.11528310924768448,-0.019849231466650964,0.0,-0.01781768910586834,-0.01862618327140808,0.9996678829193115,0.0,0.26506856083869936,-2.7263317108154299,-0.29609471559524538,1.0]}},{"@class":"BoneInfo","index":15,"offset":{"values":[0.002143740886822343,0.9999978542327881,3.0174854259712449e-7,0.0,-0.9993550777435303,0.002142369281500578,-0.0358399897813797,0.0,-0.03583991900086403,0.00007653050852240995,0.9993576407432556,0.0,-0.24684573709964753,-3.0770387649536135,-0.251017689704895,1.0]}},{"@class":"BoneInfo","index":16,"offset":{"values":[-0.0008623601170256734,0.9999998211860657,-7.729978506176849e-7,0.0,-0.9993540048599243,-0.0008617637795396149,-0.035925935953855517,0.0,-0.035925935953855517,-0.000030204657377908008,0.9993546009063721,0.0,-0.23748533427715302,-3.1803629398345949,-0.2510348856449127,1.0]}},{"@class":"BoneInfo","index":17,"offset":{"values":[0.39006173610687258,0.8397282958030701,0.37776756286621096,0.0,-0.9171895384788513,0.3180941045284271,0.23995697498321534,0.0,0.08133303374052048,-0.4400825798511505,0.8942664861679077,0.0,-1.0828957557678223,-2.3257229328155519,-1.2685953378677369,1.0]}},{"@class":"BoneInfo","index":18,"offset":{"values":[0.295084685087204,-0.8880182504653931,-0.35263150930404665,0.0,0.938473641872406,0.2000693380832672,0.2814948558807373,0.0,-0.1794217973947525,-0.4140003025531769,0.8924192190170288,0.0,0.7735381722450256,-2.431260585784912,-1.1949958801269532,1.0]}},{"@class":"BoneInfo","index":19,"offset":{"values":[0.5675116777420044,-0.7465741634368897,-0.3472135365009308,0.0,0.8220476508140564,0.48991310596466067,0.2902109622955322,0.0,-0.046559542417526248,-0.4501243233680725,0.891751229763031,0.0,1.5291246175765992,-2.163390874862671,-1.1804898977279664,1.0]}},{"@class":"BoneInfo","index":20,"offset":{"values":[-0.14507068693637849,-0.9890370965003967,-0.027578167617321016,0.0,0.9894161224365234,-0.1451023370027542,-0.0008595369290560484,0.0,-0.0031515411101281645,-0.027410980314016343,0.9996194243431091,0.0,-0.38754308223724368,-2.706186056137085,-0.32565999031066897,1.0]}},{"@class":"BoneInfo","index":21,"offset":{"values":[0.6813576817512512,-0.6382432579994202,-0.35832491517066958,0.0,0.7301852703094482,0.6266711354255676,0.2722353935241699,0.0,0.050799548625946048,-0.44713351130485537,0.8930235505104065,0.0,1.8868839740753174,-1.9994916915893555,-1.2102079391479493,1.0]}},{"@class":"BoneInfo","index":22,"offset":{"values":[-0.00218296074308455,-0.9999977946281433,0.00008011790487216786,0.0,0.9999962449073792,-0.002182840835303068,0.0015314269112423063,0.0,-0.0015312490286305547,0.00008346061076736078,0.9999990463256836,0.0,-0.11977680772542954,-3.0176682472229006,-0.23785167932510377,1.0]}},{"@class":"BoneInfo","index":23,"offset":{"values":[-0.0004024505615234375,-0.9999998807907105,0.0000812354264780879,0.0,0.9999940395355225,-0.00040280798566527665,-0.0032695867121219637,0.0,0.003269621403887868,0.00007991914026206359,0.9999948740005493,0.0,0.20175783336162568,-2.9898085594177248,-0.23867443203926087,1.0]}},{"@class":"BoneInfo","index":24,"offset":{"values":[0.5383021235466003,0.7540872693061829,0.37627530097961428,0.0,-0.842749297618866,0.4805965721607208,0.24248744547367097,0.0,0.0020200309809297325,-0.44763731956481936,0.8942127823829651,0.0,-1.4991912841796876,-2.218531608581543,-1.26445472240448,1.0]}},{"@class":"BoneInfo","index":25,"offset":{"values":[0.5956228375434876,0.7083632946014404,0.37875404953956606,0.0,-0.8023416996002197,0.5472396612167358,0.23827745020389558,0.0,-0.038482245057821277,-0.44581377506256106,0.8942980170249939,0.0,-1.6841881275177003,-2.2305641174316408,-1.2713322639465333,1.0]}},{"@class":"BoneInfo","index":26,"offset":{"values":[-0.0005075932131148875,1.0,-2.738088653586601e-7,0.0,-0.999890148639679,-0.0005074739456176758,-0.01481684297323227,0.0,-0.01481684297323227,-0.00000724662186257774,0.9998903274536133,0.0,0.0645756796002388,-3.1057705879211427,-0.24164561927318574,1.0]}},{"@class":"BoneInfo","index":27,"offset":{"values":[-0.00035893917083740234,1.0,9.145587682723999e-7,0.0,-0.9997997283935547,-0.00035881990334019065,-0.02000400610268116,0.0,-0.02000400610268116,-0.000008091329618764576,0.9997998476028442,0.0,-0.05079782381653786,-3.1166067123413088,-0.25103121995925906,1.0]}},{"@class":"BoneInfo","index":28,"offset":{"values":[0.0006301401881501079,0.9999997019767761,9.043140494213731e-7,0.0,-0.9997996091842651,0.0006300804670900106,-0.019992079585790635,0.0,-0.019992081448435785,0.00001169461575045716,0.9998000264167786,0.0,-0.05397119000554085,-3.2557811737060549,-0.2510311007499695,1.0]}},{"@class":"BoneInfo","index":29,"offset":{"values":[-0.0003745556459762156,1.0000001192092896,-0.0000012773090247719666,0.0,-0.9998900890350342,-0.0003745555877685547,-0.014827843755483628,0.0,-0.014827843755483628,-0.0000042761680560943209,0.9998902082443237,0.0,0.0642162635922432,-3.2433547973632814,-0.24164167046546937,1.0]}},{"@class":"BoneInfo","index":30,"offset":{"values":[-0.0011045933933928609,-0.9999995231628418,0.00008068985334830359,0.0,0.9999984502792358,-0.0011047122534364462,-0.0011612997623160482,0.0,0.001161388587206602,0.00007940691284602508,0.9999995827674866,0.0,0.09367027878761292,-3.0191938877105715,-0.25030308961868288,1.0]}},{"@class":"BoneInfo","index":31,"offset":{"values":[5.960465188081798e-8,-1.0,0.00008044397691264749,0.0,0.9999996423721314,5.960462701182223e-8,-4.369938721993094e-8,0.0,4.369941208892669e-8,0.00008044399146456271,1.000000238418579,0.0,0.009509029798209668,-3.023751735687256,-0.24990983307361604,1.0]}},{"@class":"BoneInfo","index":32,"offset":{"values":[-0.000545978604350239,-1.0,0.00008116651588352397,0.0,0.9999986886978149,-0.0005458592204377055,0.0014422591775655747,0.0,-0.0014422154054045678,0.00008195379632525146,0.9999992847442627,0.0,-0.1149342730641365,-3.1511261463165285,-0.23783768713474275,1.0]}},{"@class":"BoneInfo","index":33,"offset":{"values":[0.00024729970027692616,-1.0000001192092896,0.0000812345024314709,0.0,0.9999942183494568,0.0002470611361786723,-0.003273401875048876,0.0,0.0032733839470893146,0.00008204383630072698,0.9999948740005493,0.0,0.20372404158115388,-3.090618848800659,-0.23867493867874146,1.0]}},{"@class":"BoneInfo","index":34,"offset":{"values":[0.0003284216218162328,-1.0,0.00008124032319756225,0.0,0.9999943375587463,0.00032812345307320356,-0.003255401970818639,0.0,0.003255376825109124,0.00008230903040384874,0.9999949336051941,0.0,0.20400363206863404,-3.16947078704834,-0.23867052793502809,1.0]}},{"@class":"BoneInfo","index":35,"offset":{"values":[0.0014620422152802349,-0.999998927116394,0.00008071486809058115,0.0,0.9999980926513672,0.001461982261389494,-0.0011442994000390173,0.0,0.0011441807728260756,0.00008238790178438649,0.9999995827674866,0.0,0.1016160249710083,-3.1464414596557619,-0.25030016899108889,1.0]}},{"@class":"BoneInfo","index":36,"offset":{"values":[5.960465188081798e-8,-1.0,0.00008248140511568636,0.0,0.9999996423721314,5.960462701182223e-8,-4.369938721993094e-8,0.0,4.369941208892669e-8,0.00008248141966760159,1.000000238418579,0.0,0.009509551338851452,-3.1568222045898439,-0.24990400671958924,1.0]}},{"@class":"BoneInfo","index":37,"offset":{"values":[0.0013231632765382529,-0.9999990463256836,0.0000825116439955309,0.0,0.9999983310699463,0.0013231032062321902,-0.0008815727196633816,0.0,0.0008814634056761861,0.00008367816190002486,0.9999998211860657,0.0,0.013637657277286053,-3.287822961807251,-0.24991261959075929,1.0]}},{"@class":"BoneInfo","index":38,"offset":{"values":[0.001108527067117393,0.9999993443489075,-0.0000023501922896684848,0.0,-0.9998902082443237,0.0011084077414125205,-0.0147629976272583,0.0,-0.014762988314032555,0.000018716324120759965,0.9998910427093506,0.0,0.059238988906145099,-3.376370668411255,-0.2416415512561798,1.0]}},{"@class":"BoneInfo","index":39,"offset":{"values":[5.960464477539063e-8,-0.9999999403953552,0.00008023486589081585,0.0,0.9999997019767761,5.960463056453591e-8,-4.3692114815030439e-8,0.0,4.369213613131251e-8,0.0000802348877186887,1.000000238418579,0.0,0.09730125963687897,-3.2690935134887697,-0.2501908540725708,1.0]}},{"@class":"BoneInfo","index":40,"offset":{"values":[0.0038539180532097818,-0.999992847442627,0.0000798871842562221,0.0,0.9999909996986389,0.0038540351670235397,0.0016052648425102234,0.0,-0.001605561817996204,0.00007369989180006087,0.9999990463256836,0.0,-0.10052667558193207,-3.2814712524414064,-0.23786161839962007,1.0]}},{"@class":"BoneInfo","index":41,"offset":{"values":[-0.0002967118052765727,0.9999995827674866,-9.965147995671941e-8,0.0,-0.9997993111610413,-0.00029659256688319147,-0.020007077604532243,0.0,-0.02000707946717739,-0.000005835665888298536,0.9997996091842651,0.0,-0.050914447754621509,-3.3827617168426515,-0.2510266900062561,1.0]}},{"@class":"BoneInfo","index":42,"offset":{"values":[-0.002519488101825118,0.9999969005584717,-4.097819044091011e-7,0.0,-0.9993562698364258,-0.0025179374497383835,-0.03577820956707001,0.0,-0.035778116434812549,-0.00008972921204986051,0.9993598461151123,0.0,-0.23205189406871797,-3.261950969696045,-0.2510003447532654,1.0]}},{"@class":"BoneInfo","index":43,"offset":{"values":[1.0000001192092896,-2.0116597454489239e-7,4.419708545810863e-7,0.0,4.4197071247253918e-7,1.7881389169360774e-7,-0.9999997019767761,0.0,2.0116587506890938e-7,0.9999999403953552,1.7881393432617188e-7,0.0,-3.2477476596832277,0.03329604119062424,0.12367019057273865,1.0]}}]}