{"@class":"BaseSkinController","id":{"uuid":"16DC5FC7-078B-46B0-9277-A303D7FC6B5B"},"boneInfoCollection":[{"@class":"BoneInfo","index":0,"offset":{"values":[1.0,0.0,0.0,0.0,0.0,1.0,0.0,0.0,0.0,0.0,1.0,0.0,0.0,0.0,0.0,1.0]}},{"@class":"BoneInfo","index":1,"offset":{"values":[1.0,-2.220446049250313e-16,-2.220445255156925e-16,0.0,2.220445784552517e-16,1.0000001192092896,-1.3320943992312096e-7,0.0,2.220445519854721e-16,1.3320945413397568e-7,1.0,0.0,5.5243416028031566e-17,-0.9985677003860474,-0.03414902091026306,1.0]}},{"@class":"BoneInfo","index":2,"offset":{"values":[1.0,-1.1312985278418237e-16,-2.325429430315379e-16,0.0,1.224946093443565e-16,0.9991725087165833,0.04067361727356911,0.0,2.27749107126993e-16,-0.04067361727356911,0.9991725087165833,0.0,1.5379513695825288e-16,-1.1628831624984742,-0.07495567947626114,1.0]}},{"@class":"BoneInfo","index":3,"offset":{"values":[1.0,-1.5559776865379784e-16,-2.34596839109952e-16,0.0,1.6847792370331414e-16,0.9984340071678162,0.05594208091497421,0.0,2.2552501036574004e-16,-0.05594208836555481,0.9984338879585266,0.0,9.163272568312966e-17,-1.3495768308639527,-0.0955962985754013,1.0]}},{"@class":"BoneInfo","index":4,"offset":{"values":[1.0,-1.4849059312607282e-16,-2.3420773334980706e-16,0.0,1.607824573239414e-16,0.9985740780830383,0.053387030959129336,0.0,2.2594627690810105e-16,-0.05338704213500023,0.998573899269104,0.0,1.0323879759618768e-16,-1.5060299634933472,-0.0917428582906723,1.0]}},{"@class":"BoneInfo","index":5,"offset":{"values":[1.0,-2.220446049250313e-16,-2.220444461063537e-16,0.0,2.220445652203619e-16,1.0000001192092896,-1.6763806343078614e-7,0.0,2.220445122808027e-16,1.6763809185249557e-7,0.9999999403953552,0.0,1.0587911840678755e-22,-1.6906309127807618,-0.0013780328445136548,1.0]}},{"@class":"BoneInfo","index":6,"offset":{"values":[1.0,-2.220445255156925e-16,-2.220444858110231e-16,0.0,2.220444725761333e-16,1.0000001192092896,-1.5907588135632978e-7,0.0,2.220445519854721e-16,1.590759097780392e-7,0.9999999403953552,0.0,3.441071348220595e-22,-1.7468355894088746,-0.018623745068907739,1.0]}},{"@class":"BoneInfo","index":7,"offset":{"values":[-0.03103051148355007,0.9315159916877747,-0.36237335205078127,0.0,-0.07368270307779312,-0.3636932671070099,-0.9285998940467835,0.0,-0.9967983961105347,-0.0021142829209566118,0.07992225885391236,0.0,0.12594549357891084,0.5502548217773438,1.569826364517212,1.0]}},{"@class":"BoneInfo","index":8,"offset":{"values":[0.07556931674480438,0.6243851780891419,-0.7774523496627808,0.0,0.19923532009124757,-0.7734145522117615,-0.6017764210700989,0.0,-0.9770331382751465,-0.10942015796899796,-0.1828460544347763,0.0,-0.33549022674560549,1.1403889656066895,1.1155401468276978,1.0]}},{"@class":"BoneInfo","index":9,"offset":{"values":[0.11695831269025803,0.6391810178756714,-0.76011061668396,0.0,0.14769741892814637,-0.7680468559265137,-0.6231284737586975,0.0,-0.9820924997329712,-0.0393863283097744,-0.18423491716384889,0.0,-0.27852320671081545,0.8419925570487976,1.1390928030014039,1.0]}},{"@class":"BoneInfo","index":10,"offset":{"values":[-0.1546412706375122,0.5847232341766357,-0.7963570356369019,0.0,0.03012000024318695,-0.8028883934020996,-0.5953677296638489,0.0,-0.9875110387802124,-0.11605475097894669,0.10654785484075546,0.0,0.009220183826982975,0.5996926426887512,1.13955557346344,1.0]}},{"@class":"BoneInfo","index":11,"offset":{"values":[0.20659977197647096,0.35235920548439028,-0.912775456905365,0.0,-0.4342772960662842,-0.8029494285583496,-0.4082583785057068,0.0,-0.8767663240432739,0.4807438552379608,-0.012867605313658715,0.0,0.3626113533973694,0.7119081020355225,0.9803442358970642,1.0]}},{"@class":"BoneInfo","index":12,"offset":{"values":[0.20660188794136048,0.32510441541671755,-0.9228339195251465,0.0,-0.43427595496177676,-0.814716637134552,-0.3842405676841736,0.0,-0.8767665028572083,0.480149507522583,-0.027136964723467828,0.0,0.3682045638561249,0.6993212699890137,0.960006058216095,1.0]}},{"@class":"BoneInfo","index":13,"offset":{"values":[0.20659948885440827,0.33537885546684267,-0.9191502332687378,0.0,-0.4342769384384155,-0.8103795647621155,-0.3933040201663971,0.0,-0.8767666816711426,0.4804222881793976,-0.021776678040623666,0.0,0.3655894994735718,0.639876663684845,0.9672033190727234,1.0]}},{"@class":"BoneInfo","index":14,"offset":{"values":[0.2065996676683426,0.3353789746761322,-0.9191502928733826,0.0,-0.43427687883377077,-0.8103797435760498,-0.3933042287826538,0.0,-0.8767666816711426,0.48042240738868716,-0.02177685871720314,0.0,0.3626110255718231,0.5955206155776978,0.9672034978866577,1.0]}},{"@class":"BoneInfo","index":15,"offset":{"values":[-0.12584079802036286,0.5195654034614563,-0.8451129198074341,0.0,-0.0054755848832428459,-0.8522359132766724,-0.5231290459632874,0.0,-0.992034912109375,-0.061203520745038989,0.11009100079536438,0.0,0.07078434526920319,0.5907829999923706,1.0922218561172486,1.0000001192092896]}},{"@class":"BoneInfo","index":16,"offset":{"values":[-0.11368480324745178,0.5113593339920044,-0.8518140316009522,0.0,-0.02590995468199253,-0.8586070537567139,-0.5119790434837341,0.0,-0.9931785464286804,-0.036133792251348498,0.11085988581180573,0.0,0.08379099518060684,0.5473984479904175,1.0851579904556275,1.0000001192092896]}},{"@class":"BoneInfo","index":17,"offset":{"values":[-0.11368422210216522,0.5811073184013367,-0.8058472871780396,0.0,-0.02590961940586567,-0.812563955783844,-0.5822956562042236,0.0,-0.9931783676147461,-0.04531865194439888,0.1074320375919342,0.0,0.0837751105427742,0.41541969776153567,1.1240278482437134,1.0]}},{"@class":"BoneInfo","index":18,"offset":{"values":[-0.11368469148874283,0.5811072587966919,-0.8058474063873291,0.0,-0.025909975171089174,-0.812563955783844,-0.5822956562042236,0.0,-0.9931783676147461,-0.04531862959265709,0.10743264108896256,0.0,0.08381643146276474,0.3816928565502167,1.124028205871582,1.0]}},{"@class":"BoneInfo","index":19,"offset":{"values":[-0.13468006253242494,0.5395484566688538,-0.831112802028656,0.0,0.0035005968529731037,-0.83849036693573,-0.5449049472808838,0.0,-0.9908825159072876,-0.07629726827144623,0.11103921383619309,0.0,0.04137706384062767,0.5598841309547424,1.1108254194259644,1.0]}},{"@class":"BoneInfo","index":20,"offset":{"values":[-0.1305025815963745,0.5472062826156616,-0.8267611265182495,0.0,-0.0030581888277083637,-0.8341108560562134,-0.5515880584716797,0.0,-0.9914427995681763,-0.06945530325174332,0.11052713543176651,0.0,0.0453626811504364,0.5004565119743347,1.114858865737915,1.0000001192092896]}},{"@class":"BoneInfo","index":21,"offset":{"values":[-0.130501851439476,0.6083608269691467,-0.7828579545021057,0.0,-0.0030578807927668096,-0.7898538112640381,-0.6132876873016357,0.0,-0.9914429187774658,-0.0776413157582283,0.10493772476911545,0.0,0.045348506420850757,0.37272754311561587,1.1464452743530274,1.0000001192092896]}},{"@class":"BoneInfo","index":22,"offset":{"values":[-0.1305028200149536,0.6083598732948303,-0.7828580737113953,0.0,-0.0030585199128836395,-0.7898540496826172,-0.6132867336273193,0.0,-0.9914426803588867,-0.07764129340648651,0.10493893921375275,0.0,0.04539412632584572,0.3360212743282318,1.1464447975158692,1.0]}},{"@class":"BoneInfo","index":23,"offset":{"values":[-0.1395326554775238,0.5019999146461487,-0.8535376787185669,0.0,0.009271170012652874,-0.8612699508666992,-0.5080631375312805,0.0,-0.9901736974716187,-0.07880471646785736,0.11552117764949799,0.0,0.007381405681371689,0.6111860871315002,1.0874097347259522,1.0]}},{"@class":"BoneInfo","index":24,"offset":{"values":[-0.13953176140785218,0.5284068584442139,-0.8374466300010681,0.0,0.00927150622010231,-0.8449856638908386,-0.5347084999084473,0.0,-0.9901738166809082,-0.08237324655056,0.11300324648618698,0.0,0.007327732630074024,0.5329452753067017,1.1045894622802735,0.9999998807907105]}},{"@class":"BoneInfo","index":25,"offset":{"values":[-0.13953222334384919,0.6238712072372437,-0.7689701914787293,0.0,0.009271170012652874,-0.775709867477417,-0.6310213804244995,0.0,-0.9901737570762634,-0.09517709910869599,0.10245253890752793,0.0,0.0073031228967010979,0.3563177287578583,1.1549185514450074,0.9999998807907105]}},{"@class":"BoneInfo","index":26,"offset":{"values":[-0.13953235745429994,0.6238713264465332,-0.7689701318740845,0.0,0.009271273389458657,-0.7757097482681274,-0.6310215592384338,0.0,-0.9901737570762634,-0.0951773002743721,0.10245256870985031,0.0,0.007381189148873091,0.318467915058136,1.154918909072876,1.0]}},{"@class":"BoneInfo","index":27,"offset":{"values":[-0.14220519363880158,0.5647336840629578,-0.8129288554191589,0.0,0.01445774082094431,-0.8200027346611023,-0.5721768140792847,0.0,-0.9897313117980957,-0.09311967343091965,0.10844390839338303,0.0,-0.02309984341263771,0.5284666419029236,1.1226506233215333,1.0]}},{"@class":"BoneInfo","index":28,"offset":{"values":[-0.12925690412521363,0.5054671168327332,-0.8531091809272766,0.0,-0.004755918402224779,-0.8606327176094055,-0.5092039704322815,0.0,-0.9915993213653565,-0.061760835349559787,0.11364667862653732,0.0,-0.011651500128209591,0.5626782774925232,1.0835872888565064,1.0]}},{"@class":"BoneInfo","index":29,"offset":{"values":[-0.12925738096237184,0.6074262261390686,-0.783789336681366,0.0,-0.004755770321935415,-0.7907909750938416,-0.6120678186416626,0.0,-0.9915993213653565,-0.07538680732250214,0.10510435700416565,0.0,-0.011684151366353035,0.39576613903045657,1.1415234804153443,1.0]}},{"@class":"BoneInfo","index":30,"offset":{"values":[-0.12925711274147035,0.6074262857437134,-0.7837892770767212,0.0,-0.00475595286116004,-0.7907909154891968,-0.6120678186416626,0.0,-0.991599440574646,-0.07538649439811707,0.1051042377948761,0.0,-0.011649021878838539,0.3710785508155823,1.1415232419967652,1.0]}},{"@class":"BoneInfo","index":31,"offset":{"values":[-0.03103051148355007,-0.9315159916877747,0.36237335205078127,0.0,0.07368270307779312,-0.3636932969093323,-0.9285998940467835,0.0,0.9967983961105347,-0.0021142810583114626,0.07992225885391236,0.0,-0.12594549357891084,0.5502548813819885,1.569826364517212,1.0]}},{"@class":"BoneInfo","index":32,"offset":{"values":[0.07556931674480438,-0.6243851780891419,0.7774523496627808,0.0,-0.19923532009124757,-0.7734145522117615,-0.6017764210700989,0.0,0.9770331382751465,-0.10942015796899796,-0.1828460544347763,0.0,0.33549022674560549,1.1403889656066895,1.1155401468276978,1.0]}},{"@class":"BoneInfo","index":33,"offset":{"values":[0.11695831269025803,-0.6391810178756714,0.76011061668396,0.0,-0.14769741892814637,-0.7680468559265137,-0.6231284737586975,0.0,0.9820924997329712,-0.0393863283097744,-0.18423491716384889,0.0,0.27852320671081545,0.8419925570487976,1.1390928030014039,1.0]}},{"@class":"BoneInfo","index":34,"offset":{"values":[-0.1546412706375122,-0.5847232341766357,0.7963570356369019,0.0,-0.03012000024318695,-0.8028883934020996,-0.5953677296638489,0.0,0.9875110387802124,-0.11605475097894669,0.10654785484075546,0.0,-0.009220183826982975,0.5996926426887512,1.13955557346344,1.0]}},{"@class":"BoneInfo","index":35,"offset":{"values":[0.20659977197647096,-0.35235920548439028,0.912775456905365,0.0,0.4342772960662842,-0.8029494285583496,-0.4082583785057068,0.0,0.8767663240432739,0.4807438552379608,-0.012867605313658715,0.0,-0.3626113533973694,0.7119081020355225,0.9803442358970642,1.0]}},{"@class":"BoneInfo","index":36,"offset":{"values":[0.20660188794136048,-0.32510441541671755,0.9228339195251465,0.0,0.43427595496177676,-0.814716637134552,-0.3842405676841736,0.0,0.8767665028572083,0.480149507522583,-0.027136964723467828,0.0,-0.3682045638561249,0.6993212699890137,0.960006058216095,1.0]}},{"@class":"BoneInfo","index":37,"offset":{"values":[0.20659948885440827,-0.33537885546684267,0.9191502332687378,0.0,0.4342769384384155,-0.8103795647621155,-0.3933040201663971,0.0,0.8767666816711426,0.4804222881793976,-0.021776678040623666,0.0,-0.3655894994735718,0.639876663684845,0.9672033190727234,1.0]}},{"@class":"BoneInfo","index":38,"offset":{"values":[0.2065996676683426,-0.3353789746761322,0.9191502928733826,0.0,0.43427687883377077,-0.8103797435760498,-0.3933042287826538,0.0,0.8767666816711426,0.48042240738868716,-0.02177685871720314,0.0,-0.3626110255718231,0.5955206155776978,0.9672034978866577,1.0]}},{"@class":"BoneInfo","index":39,"offset":{"values":[-0.12584079802036286,-0.5195654034614563,0.8451129198074341,0.0,0.0054755848832428459,-0.8522359132766724,-0.5231290459632874,0.0,0.992034912109375,-0.061203520745038989,0.11009100079536438,0.0,-0.07078434526920319,0.5907829999923706,1.0922218561172486,1.0000001192092896]}},{"@class":"BoneInfo","index":40,"offset":{"values":[-0.11368480324745178,-0.5113593339920044,0.8518140316009522,0.0,0.02590995468199253,-0.8586070537567139,-0.5119790434837341,0.0,0.9931785464286804,-0.036133792251348498,0.11085988581180573,0.0,-0.08379099518060684,0.5473984479904175,1.0851579904556275,1.0000001192092896]}},{"@class":"BoneInfo","index":41,"offset":{"values":[-0.11368422210216522,-0.5811073184013367,0.8058472871780396,0.0,0.02590961940586567,-0.812563955783844,-0.5822956562042236,0.0,0.9931783676147461,-0.04531865194439888,0.1074320375919342,0.0,-0.0837751105427742,0.41541969776153567,1.1240278482437134,1.0]}},{"@class":"BoneInfo","index":42,"offset":{"values":[-0.11368469148874283,-0.5811072587966919,0.8058474063873291,0.0,0.025909975171089174,-0.812563955783844,-0.5822956562042236,0.0,0.9931783676147461,-0.04531862959265709,0.10743264108896256,0.0,-0.08381643146276474,0.3816928565502167,1.124028205871582,1.0]}},{"@class":"BoneInfo","index":43,"offset":{"values":[-0.13468006253242494,-0.5395484566688538,0.831112802028656,0.0,-0.0035005968529731037,-0.83849036693573,-0.5449049472808838,0.0,0.9908825159072876,-0.07629726827144623,0.11103921383619309,0.0,-0.04137706384062767,0.5598841309547424,1.1108254194259644,1.0]}},{"@class":"BoneInfo","index":44,"offset":{"values":[-0.1305025815963745,-0.5472062826156616,0.8267611265182495,0.0,0.0030581888277083637,-0.8341108560562134,-0.5515880584716797,0.0,0.9914427995681763,-0.06945530325174332,0.11052713543176651,0.0,-0.0453626811504364,0.5004565119743347,1.114858865737915,1.0000001192092896]}},{"@class":"BoneInfo","index":45,"offset":{"values":[-0.130501851439476,-0.6083608269691467,0.7828579545021057,0.0,0.0030578807927668096,-0.7898538112640381,-0.6132876873016357,0.0,0.9914429187774658,-0.0776413157582283,0.10493772476911545,0.0,-0.045348506420850757,0.37272754311561587,1.1464452743530274,1.0000001192092896]}},{"@class":"BoneInfo","index":46,"offset":{"values":[-0.1305028200149536,-0.6083598732948303,0.7828580737113953,0.0,0.0030585199128836395,-0.7898540496826172,-0.6132867336273193,0.0,0.9914426803588867,-0.07764129340648651,0.10493893921375275,0.0,-0.04539412632584572,0.3360212743282318,1.1464447975158692,1.0]}},{"@class":"BoneInfo","index":47,"offset":{"values":[-0.1395326554775238,-0.5019999146461487,0.8535376787185669,0.0,-0.009271170012652874,-0.8612699508666992,-0.5080631375312805,0.0,0.9901736974716187,-0.07880471646785736,0.11552117764949799,0.0,-0.007381405681371689,0.6111860871315002,1.0874097347259522,1.0]}},{"@class":"BoneInfo","index":48,"offset":{"values":[-0.13953176140785218,-0.5284068584442139,0.8374466300010681,0.0,-0.00927150622010231,-0.8449856638908386,-0.5347084999084473,0.0,0.9901738166809082,-0.08237324655056,0.11300324648618698,0.0,-0.007327732630074024,0.5329452753067017,1.1045894622802735,0.9999998807907105]}},{"@class":"BoneInfo","index":49,"offset":{"values":[-0.13953222334384919,-0.6238712072372437,0.7689701914787293,0.0,-0.009271170012652874,-0.775709867477417,-0.6310213804244995,0.0,0.9901737570762634,-0.09517709910869599,0.10245253890752793,0.0,-0.0073031228967010979,0.3563177287578583,1.1549185514450074,0.9999998807907105]}},{"@class":"BoneInfo","index":50,"offset":{"values":[-0.13953235745429994,-0.6238713264465332,0.7689701318740845,0.0,-0.009271273389458657,-0.7757097482681274,-0.6310215592384338,0.0,0.9901737570762634,-0.0951773002743721,0.10245256870985031,0.0,-0.007381189148873091,0.318467915058136,1.154918909072876,1.0]}},{"@class":"BoneInfo","index":51,"offset":{"values":[-0.14220519363880158,-0.5647336840629578,0.8129288554191589,0.0,-0.01445774082094431,-0.8200027346611023,-0.5721768140792847,0.0,0.9897313117980957,-0.09311967343091965,0.10844390839338303,0.0,0.02309984341263771,0.5284666419029236,1.1226506233215333,1.0]}},{"@class":"BoneInfo","index":52,"offset":{"values":[-0.12925690412521363,-0.5054671168327332,0.8531091809272766,0.0,0.004755918402224779,-0.8606327176094055,-0.5092039704322815,0.0,0.9915993213653565,-0.061760835349559787,0.11364667862653732,0.0,0.011651500128209591,0.5626782774925232,1.0835872888565064,1.0]}},{"@class":"BoneInfo","index":53,"offset":{"values":[-0.12925738096237184,-0.6074262261390686,0.783789336681366,0.0,0.004755770321935415,-0.7907909750938416,-0.6120678186416626,0.0,0.9915993213653565,-0.07538680732250214,0.10510435700416565,0.0,0.011684151366353035,0.39576613903045657,1.1415234804153443,1.0]}},{"@class":"BoneInfo","index":54,"offset":{"values":[-0.12925711274147035,-0.6074262857437134,0.7837892770767212,0.0,0.00475595286116004,-0.7907909154891968,-0.6120678186416626,0.0,0.991599440574646,-0.07538649439811707,0.1051042377948761,0.0,0.011649021878838539,0.3710785508155823,1.1415232419967652,1.0]}},{"@class":"BoneInfo","index":55,"offset":{"values":[-0.9999923706054688,-0.001951756072230637,0.0034627350978553297,0.0,0.002072324510663748,-0.9993794560432434,0.03516973555088043,0.0,0.003391662845388055,0.035173721611499789,0.9994583129882813,0.0,0.11040100455284119,1.0525497198104859,-0.06236457824707031,1.0]}},{"@class":"BoneInfo","index":56,"offset":{"values":[-0.9996599555015564,-0.02608194760978222,0.0004938349011354148,0.0,0.025832196697592737,-0.9923745393753052,-0.1205531507730484,0.0,0.003634029533714056,-0.12049000710248947,0.992787778377533,0.0,0.0966678112745285,0.5795653462409973,0.027944166213274003,1.0]}},{"@class":"BoneInfo","index":57,"offset":{"values":[-0.9882224202156067,0.10563330352306366,0.11073111742734909,0.0,0.009831217117607594,-0.6782756447792053,0.7347980737686157,0.0,0.1527128666639328,0.7272306084632874,0.6692495346069336,0.0,0.09947159886360169,0.0825541540980339,-0.09259893745183945,1.0000001192092896]}},{"@class":"BoneInfo","index":58,"offset":{"values":[-0.9957265257835388,0.08998867124319077,-0.02078888565301895,0.0,-0.021029317751526834,-0.0017248871736228467,0.9997777938842773,0.0,0.08992533385753632,0.9960245490074158,0.0036096181720495226,0.0,0.1076730489730835,-0.1247534304857254,-0.0017763575306162239,0.9999999403953552]}},{"@class":"BoneInfo","index":59,"offset":{"values":[-0.9999923706054688,0.001951756072230637,-0.0034627350978553297,0.0,-0.002072324510663748,-0.9993794560432434,0.03516973555088043,0.0,-0.003391662845388055,0.035173721611499789,0.9994583129882813,0.0,-0.11040100455284119,1.0525497198104859,-0.06236457824707031,1.0]}},{"@class":"BoneInfo","index":60,"offset":{"values":[-0.9996599555015564,0.02608194760978222,-0.0004938349011354148,0.0,-0.025832196697592737,-0.9923745393753052,-0.1205531507730484,0.0,-0.003634029533714056,-0.12049000710248947,0.992787778377533,0.0,-0.0966678112745285,0.5795653462409973,0.027944166213274003,1.0]}},{"@class":"BoneInfo","index":61,"offset":{"values":[-0.9882224202156067,-0.10563330352306366,-0.11073111742734909,0.0,-0.009831217117607594,-0.6782756447792053,0.7347980737686157,0.0,-0.1527128666639328,0.7272306084632874,0.6692495346069336,0.0,-0.09947159886360169,0.0825541540980339,-0.09259893745183945,1.0000001192092896]}},{"@class":"BoneInfo","index":62,"offset":{"values":[-0.9957265257835388,-0.08998867124319077,0.02078888565301895,0.0,0.021029317751526834,-0.0017248871736228467,0.9997777938842773,0.0,-0.08992533385753632,0.9960245490074158,0.0036096181720495226,0.0,-0.1076730489730835,-0.1247534304857254,-0.0017763575306162239,0.9999999403953552]}}]}