{"@class":"BaseSkinController","id":{"uuid":"1DE84448-4525-482D-BB6B-10098E365FD6"},"boneInfoCollection":[{"@class":"BoneInfo","index":0,"offset":{"values":[1.0,1.4210853021136109e-14,2.3841872121010967e-7,0.0,2.2878387540004042e-7,-0.2814069986343384,-0.9595884084701538,0.0,6.709269229077108e-8,0.9595884084701538,-0.2814069390296936,0.0,-9.410735657411351e-8,-1.2891796827316285,0.3947145938873291,1.0]}},{"@class":"BoneInfo","index":1,"offset":{"values":[1.0,3.769487705914537e-14,3.739230672599077e-14,0.0,8.526514184373918e-14,-2.2252532971833717e-7,-1.0000001192092896,0.0,-7.1054129580408989e-15,0.9999999403953552,-1.6292068494294654e-7,0.0,5.76378900255534e-15,-1.520709753036499,-0.03462263569235802,1.0]}},{"@class":"BoneInfo","index":2,"offset":{"values":[0.016422118991613389,0.9917547702789307,-0.12709249556064607,0.0,-0.9917548894882202,-1.0655980275942056e-7,-0.12814892828464509,0.0,-0.12709227204322816,0.12814906239509583,0.9835779070854187,0.0,0.14266760647296906,-0.2526818513870239,-1.3310366868972779,1.0]}},{"@class":"BoneInfo","index":3,"offset":{"values":[0.604954719543457,0.7200213670730591,-0.3399980366230011,0.0,0.6599680781364441,-0.2145005464553833,0.7200217843055725,0.0,0.4455014169216156,-0.6599685549736023,-0.6049544811248779,0.0,-0.7721816897392273,0.7021628618240356,0.9573451280593872,1.0]}},{"@class":"BoneInfo","index":4,"offset":{"values":[0.7185297608375549,0.5342552065849304,0.44529294967651369,0.0,0.265605628490448,-0.8025113940238953,0.53425532579422,0.0,0.6427815556526184,-0.2656058371067047,-0.7185298800468445,0.0,-1.1002027988433838,-0.01911412551999092,0.688233494758606,0.9999998807907105]}},{"@class":"BoneInfo","index":5,"offset":{"values":[0.6575226783752441,0.3609679937362671,-0.6613360047340393,0.0,0.4984821379184723,-0.8666051030158997,0.022600891068577768,0.0,-0.5649590492248535,-0.3445247411727905,-0.7497488856315613,0.0,0.3601381182670593,-0.194776251912117,1.2876487970352173,1.0]}},{"@class":"BoneInfo","index":6,"offset":{"values":[-0.683271586894989,0.4203968942165375,0.5969971418380737,0.0,-0.3993610441684723,-0.8996530771255493,0.17644867300987245,0.0,0.6112691164016724,-0.1178547814488411,0.7825981974601746,0.0,-0.3802219331264496,-0.5876069664955139,-1.1928647756576539,1.0]}},{"@class":"BoneInfo","index":7,"offset":{"values":[-0.7274423837661743,0.07712239772081375,0.6818203926086426,0.0,-0.254780113697052,-0.9529843330383301,-0.1640334576368332,0.0,0.6371137499809265,-0.2930392324924469,0.7128912210464478,0.0,-0.3008873462677002,-0.2342919558286667,-1.356160283088684,1.0]}},{"@class":"BoneInfo","index":8,"offset":{"values":[-0.7106316089630127,-0.03226589411497116,0.7028236985206604,0.0,-0.2852650582790375,-0.8999379873275757,-0.32974931597709658,0.0,0.6431376338005066,-0.43482139706611636,0.6303206086158752,0.0,-0.3368262052536011,-0.016887463629245759,-1.3761731386184693,1.0]}},{"@class":"BoneInfo","index":9,"offset":{"values":[-0.7260696291923523,-0.030603628605604173,0.6869394183158875,0.0,-0.27822136878967287,-0.9005056619644165,-0.3341880440711975,0.0,0.6288204789161682,-0.4337652027606964,0.6453160047531128,0.0,-0.3062153458595276,-0.05341355875134468,-1.3832060098648072,1.0]}},{"@class":"BoneInfo","index":10,"offset":{"values":[-0.6899081468582153,0.6615493893623352,-0.29390206933021548,0.0,-0.3938294053077698,-0.002353758318349719,0.9191800355911255,0.0,0.6073914170265198,0.7498977780342102,0.26216140389442446,0.0,-0.3683023154735565,-1.2973580360412598,0.40720030665397646,1.0]}},{"@class":"BoneInfo","index":11,"offset":{"values":[-0.5556262135505676,0.4767815172672272,0.6811447739601135,0.0,-0.5413235425949097,-0.8292635083198547,0.13888965547084809,0.0,0.631068766117096,-0.29154878854751589,0.7188540101051331,0.0,-0.5336518287658691,-0.40360650420188906,-1.2008683681488038,1.0000001192092896]}},{"@class":"BoneInfo","index":12,"offset":{"values":[-0.5607448220252991,0.23451262712478639,0.794083297252655,0.0,-0.5340659618377686,-0.8353190422058106,-0.1304420679807663,0.0,0.632722795009613,-0.49723750352859499,0.5936465859413147,0.0,-0.5279314517974854,-0.06826676428318024,-1.2879912853240967,1.0]}},{"@class":"BoneInfo","index":13,"offset":{"values":[-0.5900450348854065,0.103957399725914,0.800649106502533,0.0,-0.48523393273353579,-0.838252604007721,-0.24875734746456147,0.0,0.6452863216400147,-0.5352802276611328,0.545050859451294,0.0,-0.4918239414691925,0.013237988576292992,-1.3079602718353272,1.0]}},{"@class":"BoneInfo","index":14,"offset":{"values":[-0.5437077879905701,0.12319710850715637,0.8301828503608704,0.0,-0.5744369626045227,-0.7757929563522339,-0.261087566614151,0.0,0.611885130405426,-0.6188431978225708,0.49257415533065798,0.0,-0.5455330014228821,0.07888996601104737,-1.284369707107544,1.0]}},{"@class":"BoneInfo","index":15,"offset":{"values":[-0.5728207230567932,0.7286698818206787,-0.3753875494003296,0.0,-0.5297845602035523,0.02033175900578499,0.8478882908821106,0.0,0.6254631280899048,0.6845629811286926,0.3743913471698761,0.0,-0.5090620517730713,-1.2597646713256837,0.3100681006908417,1.0]}},{"@class":"BoneInfo","index":16,"offset":{"values":[-0.4701915979385376,0.5437778234481812,0.6951438784599304,0.0,-0.6408395767211914,-0.7519196271896362,0.15473000705242158,0.0,0.6068310737609863,-0.372722864151001,0.7020208835601807,0.0,-0.5858282446861267,-0.33101046085357668,-1.1845582723617554,1.0]}},{"@class":"BoneInfo","index":17,"offset":{"values":[-0.4536590874195099,0.24597513675689698,0.8565565943717957,0.0,-0.6618507504463196,-0.7366359829902649,-0.13899919390678407,0.0,0.5967801213264465,-0.629970908164978,0.4969807267189026,0.0,-0.598229706287384,0.10826870054006577,-1.2376703023910523,1.0]}},{"@class":"BoneInfo","index":18,"offset":{"values":[-0.4776073098182678,0.16961899399757386,0.8620442748069763,0.0,-0.6322426199913025,-0.7476551532745361,-0.20317691564559937,0.0,0.6100490093231201,-0.6420599222183228,0.46432623267173769,0.0,-0.5777764320373535,0.13078612089157105,-1.2421901226043702,0.9999998807907105]}},{"@class":"BoneInfo","index":19,"offset":{"values":[-0.46125707030296328,0.19960620999336244,0.8645223379135132,0.0,-0.6536425948143005,-0.7353384494781494,-0.1789652556180954,0.0,0.5999937653541565,-0.6476377248764038,0.4696514904499054,0.0,-0.5923337936401367,0.0806005671620369,-1.2360881567001343,1.0]}},{"@class":"BoneInfo","index":20,"offset":{"values":[-0.41285350918769839,0.7839480638504028,-0.4636562466621399,0.0,-0.6696940064430237,0.08373819291591644,0.7379009127616882,0.0,0.6173017024993897,0.6151529550552368,0.4904336631298065,0.0,-0.6545063257217407,-1.1965264081954957,0.20340889692306519,1.0]}},{"@class":"BoneInfo","index":21,"offset":{"values":[-0.2910417914390564,0.6393806338310242,0.7116785049438477,0.0,-0.684263288974762,-0.6590099334716797,0.31223246455192568,0.0,0.6686391234397888,-0.3961024582386017,0.6293045282363892,0.0,-0.7764927744865418,-0.3287074863910675,-1.0410640239715577,1.0]}},{"@class":"BoneInfo","index":22,"offset":{"values":[-0.250529944896698,0.19873763620853425,0.9474899172782898,0.0,-0.7201001048088074,-0.6923977732658386,-0.0451730415225029,0.0,0.6470628380775452,-0.6936048269271851,0.3165777325630188,0.0,-0.802067220211029,0.23449522256851197,-1.068060278892517,1.0]}},{"@class":"BoneInfo","index":23,"offset":{"values":[-0.1840418130159378,0.15158306062221528,0.971159040927887,0.0,-0.7669687867164612,-0.640072762966156,-0.045440588146448138,0.0,0.6147251129150391,-0.7532118558883667,0.23406003415584565,0.0,-0.8437162041664124,0.32518237829208376,-1.0040258169174195,0.9999998807907105]}},{"@class":"BoneInfo","index":24,"offset":{"values":[-0.21427768468856812,-0.009738286957144738,0.9767239093780518,0.0,-0.7688551545143127,-0.6150641441345215,-0.1748068928718567,0.0,0.6024506092071533,-0.7884163856506348,0.12430759519338608,0.0,-0.809228241443634,0.471270889043808,-0.965703547000885,1.0000001192092896]}},{"@class":"BoneInfo","index":25,"offset":{"values":[-0.18578818440437318,0.8831692337989807,-0.43069034814834597,0.0,-0.7115188241004944,0.1813746690750122,0.6788547039031982,0.0,0.6776605844497681,0.4325677454471588,0.5946941375732422,0.0,-0.8787832260131836,-1.032179355621338,0.037405405193567279,1.0]}},{"@class":"BoneInfo","index":26,"offset":{"values":[0.8891659379005432,-0.44042515754699709,0.12413295358419419,0.0,-0.43335527181625368,-0.897611141204834,-0.08060711622238159,0.0,0.14692485332489015,0.017879460006952287,-0.9889858961105347,0.0,-0.9409570693969727,-0.08473151177167893,0.9824036359786987,1.0]}},{"@class":"BoneInfo","index":27,"offset":{"values":[0.917567253112793,-0.26246991753578188,0.2986290752887726,0.0,-0.3250908851623535,-0.9277100563049316,0.1834939420223236,0.0,0.2288798689842224,-0.265449583530426,-0.9365630149841309,0.0,-1.0016807317733765,0.04695212095975876,0.9295440316200256,1.0]}},{"@class":"BoneInfo","index":28,"offset":{"values":[0.8808774948120117,-0.25319457054138186,0.3999338150024414,0.0,-0.29823583364486697,-0.9529888033866882,0.053552184253931048,0.0,0.367573618888855,-0.16644740104675294,-0.9149779677391052,0.0,-1.1179866790771485,-0.1154007613658905,0.7773998379707336,1.0]}},{"@class":"BoneInfo","index":29,"offset":{"values":[0.8770716190338135,-0.3127560317516327,0.36459383368492129,0.0,-0.3462504744529724,-0.9377075433731079,0.028559522703289987,0.0,0.33295050263404848,-0.15128949284553529,-0.9307281970977783,0.0,-1.1031334400177003,-0.13389852643013,0.8037465214729309,1.0]}},{"@class":"BoneInfo","index":30,"offset":{"values":[-0.5568779706954956,0.5342553853988648,-0.6359699964523315,0.0,-0.09773942083120346,-0.80251145362854,-0.5885763764381409,0.0,-0.8248234987258911,-0.26560574769973757,0.4991188645362854,0.0,1.2533832788467408,-0.019114308059215547,-0.3363656997680664,1.0000001192092896]}},{"@class":"BoneInfo","index":31,"offset":{"values":[-0.5568779706954956,0.5342549085617065,-0.6359700560569763,0.0,-0.09773910045623779,-0.8025115132331848,-0.5885760188102722,0.0,-0.824823260307312,-0.2656058669090271,0.4991188943386078,0.0,1.2533831596374512,-0.19768285751342774,-0.33636564016342165,0.9999997615814209]}},{"@class":"BoneInfo","index":32,"offset":{"values":[0.01642213761806488,-0.9917548298835754,0.12709249556064607,0.0,0.9917548298835754,-1.3077416838314094e-7,-0.12814895808696748,0.0,0.12709228694438935,0.12814907729625703,0.9835778474807739,0.0,-0.14266763627529145,-0.2526818811893463,-1.3310365676879883,1.0000001192092896]}},{"@class":"BoneInfo","index":33,"offset":{"values":[0.604954719543457,-0.7200214266777039,0.3399979770183563,0.0,-0.6599680185317993,-0.21450060606002809,0.7200219035148621,0.0,-0.44550132751464846,-0.6599686741828919,-0.6049544811248779,0.0,0.7721815705299377,0.7021629214286804,0.957345187664032,1.0]}},{"@class":"BoneInfo","index":34,"offset":{"values":[0.7185297608375549,-0.5342553853988648,-0.44529294967651369,0.0,-0.26560577750205996,-0.8025112748146057,0.5342553853988648,0.0,-0.6427817344665527,-0.26560601592063906,-0.718529999256134,0.0,1.1002029180526734,-0.019113926216959955,0.688233494758606,0.9999998807907105]}},{"@class":"BoneInfo","index":35,"offset":{"values":[0.6575229167938232,-0.36096829175949099,0.6613363027572632,0.0,-0.49848243594169619,-0.8666051626205444,0.022600790485739709,0.0,0.5649592280387878,-0.34452494978904726,-0.7497493624687195,0.0,-0.36013832688331606,-0.19477614760398866,1.2876492738723755,1.0000001192092896]}},{"@class":"BoneInfo","index":36,"offset":{"values":[-0.6832719445228577,-0.4203971028327942,-0.5969972610473633,0.0,0.3993612229824066,-0.8996531963348389,0.17644870281219483,0.0,-0.6112693548202515,-0.117855004966259,0.7825983762741089,0.0,0.3802221715450287,-0.5876069068908691,-1.1928653717041016,1.0]}},{"@class":"BoneInfo","index":37,"offset":{"values":[-0.7274426221847534,-0.07712235301733017,-0.6818204522132874,0.0,0.2547801733016968,-0.952984631061554,-0.16403354704380036,0.0,-0.6371138691902161,-0.29303932189941409,0.7128912806510925,0.0,0.3008875846862793,-0.23429185152053834,-1.3561604022979737,1.0]}},{"@class":"BoneInfo","index":38,"offset":{"values":[-0.710631787776947,0.03226591646671295,-0.7028237581253052,0.0,0.28526508808135989,-0.8999380469322205,-0.32974937558174136,0.0,-0.6431378126144409,-0.4348215162754059,0.6303209066390991,0.0,0.33682626485824587,-0.016887404024600984,-1.3761732578277588,0.9999999403953552]}},{"@class":"BoneInfo","index":39,"offset":{"values":[-0.7260698080062866,0.030603669583797456,-0.6869394183158875,0.0,0.27822145819664,-0.9005056023597717,-0.3341881036758423,0.0,-0.6288204789161682,-0.43376532196998598,0.6453160047531128,0.0,0.30621540546417239,-0.053413305431604388,-1.3832061290740967,0.9999998807907105]}},{"@class":"BoneInfo","index":40,"offset":{"values":[-0.6899083852767944,-0.6615492105484009,0.2939021587371826,0.0,0.39382949471473696,-0.002353803953155875,0.919180154800415,0.0,-0.6073915362358093,0.7498978972434998,0.2621614933013916,0.0,0.3683023750782013,-1.2973579168319703,0.40720027685165408,1.0]}},{"@class":"BoneInfo","index":41,"offset":{"values":[-0.555626392364502,-0.47678184509277346,-0.6811450123786926,0.0,0.5413236021995544,-0.8292638063430786,0.1388896405696869,0.0,-0.6310689449310303,-0.29154908657073977,0.7188543081283569,0.0,0.5336518883705139,-0.4036065936088562,-1.2008689641952515,0.9999999403953552]}},{"@class":"BoneInfo","index":42,"offset":{"values":[-0.5607450008392334,-0.2345130741596222,-0.7940835952758789,0.0,0.5340662002563477,-0.8353193998336792,-0.1304420828819275,0.0,-0.6327229738235474,-0.4972379803657532,0.5936468839645386,0.0,0.5279316306114197,-0.06826672703027725,-1.2879917621612549,1.0]}},{"@class":"BoneInfo","index":43,"offset":{"values":[-0.5900452733039856,-0.1039576604962349,-0.8006495237350464,0.0,0.4852341115474701,-0.8382529020309448,-0.24875745177268983,0.0,-0.6452866196632385,-0.5352805852890015,0.5450510382652283,0.0,0.49182406067848208,0.013238213025033474,-1.3079606294631959,1.0000001192092896]}},{"@class":"BoneInfo","index":44,"offset":{"values":[-0.5437079071998596,-0.12319743633270264,-0.830183207988739,0.0,0.574437141418457,-0.7757933735847473,-0.261087566614151,0.0,-0.6118853688240051,-0.618843674659729,0.4925743341445923,0.0,0.5455331206321716,0.07889000326395035,-1.284369945526123,1.0]}},{"@class":"BoneInfo","index":45,"offset":{"values":[-0.5728210210800171,-0.7286701798439026,0.37538808584213259,0.0,0.5297846794128418,0.020331697538495065,0.8478885889053345,0.0,-0.6254633665084839,0.6845633387565613,0.3743918836116791,0.0,0.5090622305870056,-1.2597652673721314,0.3100679814815521,1.0]}},{"@class":"BoneInfo","index":46,"offset":{"values":[-0.4701918363571167,-0.543778121471405,-0.6951441168785095,0.0,0.640839695930481,-0.7519197463989258,0.1547299325466156,0.0,-0.6068312525749207,-0.37272316217422488,0.7020212411880493,0.0,0.585828423500061,-0.3310104012489319,-1.1845589876174927,1.0000001192092896]}},{"@class":"BoneInfo","index":47,"offset":{"values":[-0.4536591172218323,-0.2459755539894104,-0.8565568923950195,0.0,0.6618509888648987,-0.7366359233856201,-0.1389990597963333,0.0,-0.5967801809310913,-0.6299712061882019,0.4969808757305145,0.0,0.5982298851013184,0.10826867818832398,-1.2376707792282105,1.0000001192092896]}},{"@class":"BoneInfo","index":48,"offset":{"values":[-0.4776073396205902,-0.16961926221847535,-0.8620443344116211,0.0,0.632242739200592,-0.7476550340652466,-0.2031768560409546,0.0,-0.6100490689277649,-0.6420601606369019,0.46432623267173769,0.0,0.5777765512466431,0.13078606128692628,-1.2421902418136597,1.0]}},{"@class":"BoneInfo","index":49,"offset":{"values":[-0.4612572491168976,-0.19960643351078034,-0.8645226359367371,0.0,0.6536426544189453,-0.735338568687439,-0.17896510660648347,0.0,-0.5999941229820252,-0.6476379036903381,0.4696516692638397,0.0,0.5923340320587158,0.08060051500797272,-1.236088514328003,1.0]}},{"@class":"BoneInfo","index":50,"offset":{"values":[-0.41285356879234316,-0.7839481830596924,0.463656485080719,0.0,0.6696941256523132,0.08373822271823883,0.7379007935523987,0.0,-0.6173017621040344,0.6151530742645264,0.4904339909553528,0.0,0.6545063853263855,-1.1965266466140748,0.20340879261493684,1.0]}},{"@class":"BoneInfo","index":51,"offset":{"values":[-0.29104185104370119,-0.6393814086914063,-0.7116786241531372,0.0,0.6842634081840515,-0.6590102910995483,0.31223249435424807,0.0,-0.6686391830444336,-0.3961029648780823,0.629304826259613,0.0,0.7764929533004761,-0.32870760560035708,-1.0410645008087159,1.0]}},{"@class":"BoneInfo","index":52,"offset":{"values":[-0.2505300045013428,-0.19873836636543275,-0.9474902749061585,0.0,0.7201002836227417,-0.6923982501029968,-0.04517300799489021,0.0,-0.6470629572868347,-0.693605363368988,0.3165780007839203,0.0,0.8020674586296082,0.23449499905109406,-1.0680608749389649,1.0]}},{"@class":"BoneInfo","index":53,"offset":{"values":[-0.18404188752174378,-0.1515837013721466,-0.9711596369743347,0.0,0.766968846321106,-0.6400733590126038,-0.04544065520167351,0.0,-0.6147253513336182,-0.7532123923301697,0.23406030237674714,0.0,0.8437163233757019,0.3251822292804718,-1.0040264129638672,1.0]}},{"@class":"BoneInfo","index":54,"offset":{"values":[-0.2142777293920517,0.009737689048051834,-0.9767243266105652,0.0,0.7688552141189575,-0.6150646209716797,-0.17480705678462983,0.0,-0.6024507284164429,-0.7884170413017273,0.12430772185325623,0.0,0.8092283010482788,0.4712708592414856,-0.9657039642333984,1.0]}},{"@class":"BoneInfo","index":55,"offset":{"values":[-0.18578824400901795,-0.8831696510314941,0.43069058656692507,0.0,0.7115190029144287,0.1813744455575943,0.6788550019264221,0.0,-0.6776605248451233,0.432567834854126,0.5946947336196899,0.0,0.8787834644317627,-1.0321799516677857,0.03740508854389191,1.0000001192092896]}},{"@class":"BoneInfo","index":56,"offset":{"values":[0.8891662359237671,0.4404255449771881,-0.12413311749696732,0.0,0.4333552420139313,-0.897611141204834,-0.08060713857412338,0.0,-0.14692479372024537,0.017879599705338479,-0.9889862537384033,0.0,0.9409571290016174,-0.08473136276006699,0.9824038147926331,1.0]}},{"@class":"BoneInfo","index":57,"offset":{"values":[0.9175674319267273,0.2624701261520386,-0.2986293137073517,0.0,0.3250909447669983,-0.9277098774909973,0.18349389731884004,0.0,-0.2288798689842224,-0.26544952392578127,-0.9365631341934204,0.0,1.001680850982666,0.0469522699713707,0.9295440316200256,1.0]}},{"@class":"BoneInfo","index":58,"offset":{"values":[0.8808773756027222,0.25319477915763857,-0.3999340534210205,0.0,0.29823586344718935,-0.9529886245727539,0.053552158176898959,0.0,-0.3675737679004669,-0.16644735634326936,-0.9149780869483948,0.0,1.1179865598678589,-0.11540055274963379,0.7773999571800232,1.0]}},{"@class":"BoneInfo","index":59,"offset":{"values":[0.8770716786384583,0.312756210565567,-0.3645940124988556,0.0,0.3462505340576172,-0.9377071857452393,0.02855953387916088,0.0,-0.33295053243637087,-0.1512894183397293,-0.9307284355163574,0.0,1.1031335592269898,-0.13389834761619569,0.8037465810775757,1.0]}},{"@class":"BoneInfo","index":60,"offset":{"values":[-0.5568779706954956,-0.5342556834220886,0.6359700560569763,0.0,0.09773945063352585,-0.80251145362854,-0.5885765552520752,0.0,0.8248236775398254,-0.2656059265136719,0.4991189241409302,0.0,-1.2533835172653199,-0.019114229828119279,-0.3363659381866455,1.0]}},{"@class":"BoneInfo","index":61,"offset":{"values":[-0.5568781495094299,-0.5342552661895752,0.6359701752662659,0.0,0.09773918241262436,-0.8025117516517639,-0.5885764360427856,0.0,0.8248236179351807,-0.2656060457229614,0.49911901354789736,0.0,-1.2533836364746094,-0.19768288731575013,-0.3363659679889679,0.9999999403953552]}}]}