{"@class":"BaseSkinController","id":{"uuid":"33F492CA-A905-4E96-87B8-AEFF9A753114"},"boneInfoCollection":[{"@class":"BoneInfo","index":0,"offset":{"values":[0.9999998807907105,-1.6518541201548943e-7,-1.5445577616901574e-7,0.0,-1.6628166576992954e-7,-0.9995973706245422,-0.028368748724460603,0.0,-1.4907220702298219e-7,0.02836885116994381,-0.9995973706245422,0.0,0.9807594418525696,4.063234329223633,0.11531257629394531,1.0]}},{"@class":"BoneInfo","index":1,"offset":{"values":[1.2572876073591034e-7,0.9999999403953552,-1.5411720255542606e-7,0.0,-0.825935423374176,-3.0951742502338678e-8,-0.5637648701667786,0.0,-0.5637648105621338,1.6390831092394365e-7,0.8259354829788208,0.0,4.286892890930176,-0.9976804852485657,0.23927974700927735,1.0]}},{"@class":"BoneInfo","index":2,"offset":{"values":[1.095051658239754e-7,-1.0000001192092896,6.732017254762468e-8,0.0,-0.5074887871742249,-4.10348626189716e-8,0.8616584539413452,0.0,-0.8616583943367004,-1.9749582236272546e-7,-0.5074888467788696,0.0,3.724332809448242,-3.0169990062713625,-1.840029239654541,1.0]}},{"@class":"BoneInfo","index":3,"offset":{"values":[-0.22368130087852479,2.2137214727990796e-7,-0.9746624827384949,0.0,0.9746625423431397,-1.1618883632991128e-7,-0.2236812859773636,0.0,-4.35523546116201e-8,-1.0000003576278687,-1.8977378601903184e-7,0.0,-2.835660457611084,-1.4706230163574219,1.7239899635314942,1.0000001192092896]}},{"@class":"BoneInfo","index":4,"offset":{"values":[-0.06518572568893433,2.0247796328476398e-7,-0.9978732466697693,0.0,0.9978733062744141,-1.189557750080894e-7,-0.06518571823835373,0.0,-1.269212912546891e-8,-1.000000238418579,-1.9429309361385095e-7,0.0,-3.3491907119750978,-1.394205093383789,-2.4883053302764894,1.0]}},{"@class":"BoneInfo","index":5,"offset":{"values":[1.9470718370939722e-7,-1.1920930376163597e-7,-1.0,0.0,0.0,-1.0,0.0,0.0,-1.0,-2.321090842856248e-14,-1.9470718370939722e-7,0.0,0.0,0.0,5.960464477539063e-8,1.0]}},{"@class":"BoneInfo","index":6,"offset":{"values":[2.821299744937278e-7,1.1920931797249069e-7,1.0,0.0,0.0,1.0,0.0,0.0,-1.0,2.3210910122628375e-14,2.8212994607201838e-7,0.0,0.0,0.0,-5.960464477539063e-8,1.0]}},{"@class":"BoneInfo","index":7,"offset":{"values":[1.9470719792025194e-7,-0.34549129009246828,0.9384219646453857,0.0,-8.7908022705543e-16,0.938421905040741,0.3454914093017578,0.0,-1.0,-6.726963874825742e-8,1.82717499797036e-7,0.0,0.0,-1.3027324676513672,-0.47961699962615969,1.0]}},{"@class":"BoneInfo","index":8,"offset":{"values":[1.9470718370939722e-7,-0.34295395016670229,0.9393521547317505,0.0,1.4589360334468094e-16,0.9393520951271057,0.3429540991783142,0.0,-1.0,-6.677559838408342e-8,1.8289861714038126e-7,0.0,0.0,-2.528310775756836,-0.47278618812561037,1.0]}},{"@class":"BoneInfo","index":9,"offset":{"values":[-4.225215377573477e-8,0.11046859622001648,0.9938796758651733,0.0,2.6337739100767977e-8,0.9938796162605286,-0.11046850681304932,0.0,-1.0,2.1509032777089489e-8,-4.490304661430855e-8,0.0,0.0,-3.9316482543945314,1.423796534538269,1.0]}},{"@class":"BoneInfo","index":10,"offset":{"values":[0.6720045208930969,0.3063923418521881,0.6741910576820374,0.0,0.6012807488441467,0.3056870996952057,-0.7382526993751526,0.0,-0.4322865605354309,0.9014872312545776,0.021195290610194207,0.0,-3.3032050132751467,-2.1421031951904299,4.605510711669922,1.0]}},{"@class":"BoneInfo","index":11,"offset":{"values":[0.6589582562446594,-0.37279948592185976,0.6532948017120361,0.0,0.7462950944900513,0.4324696362018585,-0.5059779286384583,0.0,-0.09390197694301605,0.8209691047668457,0.5631979703903198,0.0,-3.436718225479126,-3.457900047302246,3.6471614837646486,1.0]}},{"@class":"BoneInfo","index":12,"offset":{"values":[0.3200213611125946,0.9465818405151367,0.03961258754134178,0.0,-0.05673140659928322,0.06088299676775932,-0.9965314865112305,0.0,-0.9457102417945862,0.3166640102863312,0.07318476587533951,0.0,0.5444698333740234,0.6808872222900391,4.089622497558594,1.0]}},{"@class":"BoneInfo","index":13,"offset":{"values":[0.4207634925842285,0.4831777811050415,-0.7677873969078064,0.0,-0.10972912609577179,-0.8130322098731995,-0.5717851519584656,0.0,-0.9005095362663269,0.3248348534107208,-0.28907546401023867,0.0,0.6980991363525391,3.0081844329833986,2.858372688293457,0.9999999403953552]}},{"@class":"BoneInfo","index":14,"offset":{"values":[0.8263155817985535,-0.033585067838430408,-0.5622053146362305,0.0,-0.5133939981460571,0.3655320107936859,-0.776410698890686,0.0,0.23157958686351777,0.9301927089691162,0.2848023474216461,0.0,0.5487151145935059,-1.9348583221435547,2.7826473712921144,1.0]}},{"@class":"BoneInfo","index":15,"offset":{"values":[-0.07522277534008026,0.7184224724769592,-0.6915277242660523,0.0,-0.07887492328882218,-0.6956064105033875,-0.7140803337097168,0.0,-0.9940420985221863,0.0008288901881314814,0.10899101197719574,0.0,2.5709095001220705,1.8381719589233399,3.072723627090454,0.9999998807907105]}},{"@class":"BoneInfo","index":16,"offset":{"values":[-0.4423840045928955,-0.8960112929344177,0.03821256384253502,0.0,0.07653018832206726,0.004736784845590591,0.9970560073852539,0.0,-0.8935545086860657,0.4440059959888458,0.06647642701864243,0.0,-0.7449579238891602,-0.8980245590209961,-4.015425682067871,1.0000001192092896]}},{"@class":"BoneInfo","index":17,"offset":{"values":[-0.5761529803276062,-0.4301440417766571,-0.6949993371963501,0.0,-0.008442685939371586,-0.8471392393112183,0.5313040614128113,0.0,-0.817298412322998,0.31198012828826907,0.484450101852417,0.0,-0.7476787567138672,2.285987377166748,-4.030340194702148,1.0000001192092896]}},{"@class":"BoneInfo","index":18,"offset":{"values":[-0.926864504814148,-0.22746017575263978,-0.29863741993904116,0.0,-0.346613347530365,0.21304951608181,0.9134928584098816,0.0,-0.1441585123538971,0.9501957297325134,-0.2763087749481201,0.0,-1.2636780738830567,-2.2009029388427736,-3.447176933288574,1.0]}},{"@class":"BoneInfo","index":19,"offset":{"values":[-0.5132569670677185,-0.35856539011001589,-0.7797423005104065,0.0,0.161270409822464,-0.9326518774032593,0.32272613048553469,0.0,-0.8429466485977173,0.03989218547940254,0.5365161299705505,0.0,-0.19103336334228517,2.068903923034668,-4.694867134094238,0.9999998807907105]}},{"@class":"BoneInfo","index":20,"offset":{"values":[0.9696896076202393,-0.020861532539129258,0.2434464991092682,0.0,0.24432334303855897,0.07157276570796967,-0.9670485258102417,0.0,0.002749752951785922,0.9972168803215027,0.07450036704540253,0.0,-0.7059866189956665,-1.356191635131836,4.538210391998291,0.9999998807907105]}},{"@class":"BoneInfo","index":21,"offset":{"values":[0.9696897268295288,-0.020861433818936349,0.24344651401042939,0.0,0.24432332813739777,0.07157276570796967,-0.967048704624176,0.0,0.002749710576608777,0.9972171187400818,0.07450033724308014,0.0,0.27292001247406008,-1.3805503845214844,4.828153133392334,1.0000001192092896]}},{"@class":"BoneInfo","index":22,"offset":{"values":[0.7348889112472534,-0.6250794529914856,-0.26308485865592959,0.0,-0.6778498888015747,-0.6647672057151794,-0.31401222944259646,0.0,0.02139243669807911,0.4090961515903473,-0.9122405052185059,0.0,4.239021301269531,5.684011459350586,2.244293212890625,1.0]}},{"@class":"BoneInfo","index":23,"offset":{"values":[0.9328576326370239,0.23458045721054078,-0.27340176701545718,0.0,0.18185955286026,-0.9617816805839539,-0.2047027051448822,0.0,-0.31097206473350527,0.1412377655506134,-0.9398661851882935,0.0,-0.22633886337280274,8.407489776611329,0.8525485992431641,1.0]}},{"@class":"BoneInfo","index":24,"offset":{"values":[0.7467681169509888,0.6646875143051148,0.022973109036684037,0.0,0.6193313598632813,-0.7075709104537964,0.3402528166770935,0.0,0.24241699278354646,-0.23986203968524934,-0.9400533437728882,0.0,-2.655337333679199,7.12986946105957,-2.9712324142456056,1.0]}},{"@class":"BoneInfo","index":25,"offset":{"values":[-0.10561660677194596,0.9237735867500305,0.36808615922927859,0.0,-0.43499189615249636,0.2899434268474579,-0.852475643157959,0.0,-0.8942186236381531,-0.2501501142978668,0.37121114134788515,0.0,2.0315494537353517,2.023472309112549,6.454544544219971,0.9999998807907105]}},{"@class":"BoneInfo","index":26,"offset":{"values":[0.2376025915145874,-0.9182537198066711,0.3167882561683655,0.0,0.9569393992424011,0.1652851700782776,-0.23863740265369416,0.0,0.16676932573318482,0.3598480820655823,0.9179854393005371,0.0,-5.461251258850098,1.0214910507202149,0.9754915237426758,1.0]}},{"@class":"BoneInfo","index":27,"offset":{"values":[-0.38042184710502627,0.802424967288971,0.4597753882408142,0.0,0.3225923180580139,0.5810660719871521,-0.7471928000450134,0.0,-0.8667259216308594,-0.13592824339866639,-0.4799066185951233,0.0,-1.6212215423583985,1.2054940462112427,2.286733627319336,1.0]}},{"@class":"BoneInfo","index":28,"offset":{"values":[-0.20591747760772706,-0.9766772389411926,0.0608283169567585,0.0,-0.9431120157241821,0.21465376019477845,0.2538973391056061,0.0,-0.26103273034095766,-0.005086010787636042,-0.9653167128562927,0.0,1.4276800155639649,1.57279372215271,-0.5342473983764648,1.0]}}]}