{"@class":"BaseSkinController","id":{"uuid":"63F2E42C-981E-4318-9006-B36F567CF4E8"},"boneInfoCollection":[{"@class":"BoneInfo","index":0,"offset":{"values":[1.0,0.0,0.0,0.0,0.0,-0.9966738224029541,-0.08149365335702896,0.0,0.0,0.08149365335702896,-0.9966738224029541,0.0,0.0,0.0,0.0,1.0]}},{"@class":"BoneInfo","index":1,"offset":{"values":[1.0,0.0,2.3841855067985308e-7,0.0,2.5709573137078224e-8,-0.9941689968109131,-0.10783378779888153,0.0,2.3702831697391958e-7,0.10783378779888153,-0.9941689968109131,0.0,6.3077538747791099e-9,-0.9996500015258789,-0.026456642895936967,1.0]}},{"@class":"BoneInfo","index":2,"offset":{"values":[1.0,7.105427357601002e-15,2.3841860752327195e-7,0.0,-4.217964644226413e-8,-0.9842262864112854,0.17691422998905183,0.0,2.3465784693144088e-7,-0.17691422998905183,-0.9842263460159302,0.0,-2.1190346899402358e-7,-3.117446184158325,0.8887874484062195,1.0]}}]}