{"@class":"BaseSkinController","id":{"uuid":"91106CD9-6902-4005-87A7-3C1C1569A855"},"boneInfoCollection":[{"@class":"BoneInfo","index":0,"offset":{"values":[1.0,0.0,0.0,0.0,0.0,3.1391647326017848e-7,1.0,0.0,0.0,-1.0,3.1391647326017848e-7,0.0,0.0,0.9778447151184082,-1.4765045364129038e-7,1.0]}},{"@class":"BoneInfo","index":1,"offset":{"values":[1.0,-5.684342563707159e-14,9.536734069115482e-7,0.0,-6.178841545079195e-7,0.7617262601852417,0.6478990912437439,0.0,-7.264380883498234e-7,-0.6478992104530335,0.7617262601852417,0.0,-2.218665997588687e-7,-0.197879821062088,0.2326442152261734,1.0]}},{"@class":"BoneInfo","index":2,"offset":{"values":[1.0,-5.684342563707159e-14,9.536744300930878e-7,0.0,-6.178846092552703e-7,0.7617263197898865,0.6478990316390991,0.0,-7.264387704708497e-7,-0.6478991508483887,0.7617263197898865,0.0,-2.2186684134339885e-7,-0.7330432534217835,0.23264425992965699,1.0]}},{"@class":"BoneInfo","index":3,"offset":{"values":[1.0,-5.684342563707159e-14,0.000001192092668134137,0.0,7.453521106981498e-7,0.7804272770881653,-0.6252467036247253,0.0,-9.303415708927787e-7,0.6252467036247253,0.7804272770881653,0.0,-9.105630169869983e-7,0.08961433917284012,0.7638357877731323,1.0]}},{"@class":"BoneInfo","index":4,"offset":{"values":[1.0,-5.684341886080802e-14,9.536742027194123e-7,0.0,-6.20111222815467e-7,-0.7597339749336243,0.6502339243888855,0.0,7.245388360388461e-7,-0.6502339243888855,-0.7597340941429138,0.0,7.252946261360194e-7,-0.11434531211853028,-0.7605266571044922,1.0]}},{"@class":"BoneInfo","index":5,"offset":{"values":[1.0,7.105427357601002e-15,2.384185791015625e-7,0.0,-1.371929414517581e-7,-0.8178517818450928,0.5754289031028748,0.0,1.949910597431881e-7,-0.5754289627075195,-0.8178517818450928,0.0,5.955367754495455e-8,-0.17574575543403626,-0.24978622794151307,1.0]}},{"@class":"BoneInfo","index":6,"offset":{"values":[1.0,1.4210851327070215e-14,2.3841852225814365e-7,0.0,-2.0137937895015058e-7,-0.5353245735168457,0.8446462154388428,0.0,1.276313241760363e-7,-0.8446463346481323,-0.5353245139122009,0.0,-5.832034855046686e-9,-0.7116440534591675,0.024461323395371438,1.0]}},{"@class":"BoneInfo","index":7,"offset":{"values":[1.0,-7.1054265105680549e-15,2.3841860752327195e-7,0.0,1.3703490253647033e-7,-0.8183175921440125,-0.5747660994529724,0.0,1.9510217441620626e-7,0.574766218662262,-0.8183177709579468,0.0,1.697548981383079e-7,0.009304284118115902,-0.7120036482810974,1.0]}},{"@class":"BoneInfo","index":8,"offset":{"values":[1.0,-2.8421712818535799e-14,4.76837158203125e-7,0.0,-3.331544462525926e-7,0.7154383659362793,0.6986757516860962,0.0,-3.4114759728254287e-7,-0.6986759305000305,0.7154384851455689,0.0,-3.3439442859162229e-7,-0.12348087131977081,0.7012761235237122,1.0]}},{"@class":"BoneInfo","index":9,"offset":{"values":[1.0,-4.2636934835613846e-14,1.5099580252808665e-7,0.0,1.5099580252808665e-7,2.5082681531785058e-7,-1.0,0.0,4.763135618888158e-15,1.0,2.5082681531785058e-7,0.0,-3.5316652488744107e-14,0.3054172992706299,3.2013281270337759e-7,1.0]}},{"@class":"BoneInfo","index":10,"offset":{"values":[1.0,-5.082197683525802e-21,2.384185791015625e-7,0.0,2.384185791015625e-7,-8.103208415377594e-8,-1.0,0.0,1.931954758931792e-14,1.0,-8.103208415377594e-8,0.0,-7.676692127030899e-14,-0.3690171241760254,4.425944268859894e-7,1.0]}}]}