{"@class":"BaseSkinController","id":{"uuid":"982C283C-75C5-43AF-925A-7C96BFB3A9CB"},"boneInfoCollection":[{"@class":"BoneInfo","index":0,"offset":{"values":[0.8612227439880371,0.0,0.5082278847694397,0.0,0.5082278847694397,-1.6292068494294654e-7,-0.8612227439880371,0.0,8.280083818590356e-8,1.0,-1.4031100192823943e-7,0.0,0.0,1.788609504699707,0.0,1.0]}},{"@class":"BoneInfo","index":1,"offset":{"values":[0.8612227439880371,0.0,0.5082278847694397,0.0,0.5082278847694397,-1.6292068494294654e-7,-0.8612227439880371,0.0,8.280083818590356e-8,1.0,-1.4031100192823943e-7,0.0,0.0,0.7886094450950623,0.0,1.0]}},{"@class":"BoneInfo","index":2,"offset":{"values":[0.8612227439880371,0.0,0.5082278847694397,0.0,0.5082278847694397,-1.6292068494294654e-7,-0.8612227439880371,0.0,8.280083818590356e-8,1.0,-1.4031100192823943e-7,0.0,0.0,-0.2113906443119049,0.0,1.0]}},{"@class":"BoneInfo","index":3,"offset":{"values":[0.8612227439880371,0.0,0.5082278847694397,0.0,0.5082278847694397,-1.6292068494294654e-7,-0.8612227439880371,0.0,8.280083818590356e-8,1.0,-1.4031100192823943e-7,0.0,0.0,-1.2113906145095826,0.0,1.0]}},{"@class":"BoneInfo","index":4,"offset":{"values":[0.8612227439880371,0.0,0.5082278847694397,0.0,0.5082278847694397,-1.6292068494294654e-7,-0.8612227439880371,0.0,8.280083818590356e-8,1.0,-1.4031100192823943e-7,0.0,0.0,-2.211390733718872,0.0,1.0]}},{"@class":"BoneInfo","index":5,"offset":{"values":[0.8612161874771118,0.003328696358948946,0.5082279443740845,0.0,0.5082241892814636,0.0019641793332993986,-0.8612226247787476,0.0,-0.003864999394863844,0.9999924898147583,-1.4089305011566467e-7,0.0,0.012412287294864655,-3.2113661766052248,1.862645149230957e-9,1.0]}},{"@class":"BoneInfo","index":6,"offset":{"values":[-0.04170732572674751,0.8602122664451599,0.5082277655601502,0.0,-0.024612128734588624,0.5076315999031067,-0.8612227439880371,0.0,-0.9988266229629517,-0.04842793568968773,-3.023611441221874e-7,0.0,4.588018417358398,0.21710272133350373,7.392374072878738e-7,1.0]}},{"@class":"BoneInfo","index":7,"offset":{"values":[-0.041707366704940799,0.8602122664451599,0.5082278251647949,0.0,-0.024612300097942354,0.5076315999031067,-0.8612227439880371,0.0,-0.9988266825675964,-0.04842805489897728,-1.757012597636276e-7,0.0,4.588018894195557,-0.7828500270843506,2.0861628513557663e-7,1.0]}},{"@class":"BoneInfo","index":8,"offset":{"values":[-0.041707366704940799,0.8602122664451599,0.5082278251647949,0.0,-0.024612288922071458,0.5076315999031067,-0.8612227439880371,0.0,-0.9988266825675964,-0.04842805117368698,-1.8128919521132048e-7,0.0,4.588018417358398,-2.7828500270843508,2.3841860752327195e-7,1.0]}},{"@class":"BoneInfo","index":9,"offset":{"values":[0.0026614104863256218,-0.8612185716629028,0.5082277655601502,0.0,0.0015706185949966312,-0.5082254409790039,-0.8612227439880371,0.0,0.999995231628418,0.0030901432037353517,4.9678803293318199e-8,0.0,-4.593143463134766,-0.008853243663907051,-8.721835911273956e-7,1.0]}},{"@class":"BoneInfo","index":10,"offset":{"values":[0.0026614100206643345,-0.8612186908721924,0.5082278847694397,0.0,0.0015706184785813094,-0.5082255005836487,-0.8612228035926819,0.0,0.9999952912330627,0.003090143669396639,4.944598686051904e-8,0.0,-4.593143939971924,-1.0088533163070679,-9.238721077053924e-7,1.0000001192092896]}},{"@class":"BoneInfo","index":11,"offset":{"values":[0.0026614100206643345,-0.8612186908721924,0.5082278847694397,0.0,0.0015706184785813094,-0.5082255005836487,-0.8612228035926819,0.0,0.9999952912330627,0.003090143669396639,4.944598686051904e-8,0.0,-4.593143463134766,-3.0088536739349367,-0.000001072883719643869,1.0000001192092896]}},{"@class":"BoneInfo","index":12,"offset":{"values":[0.8595229387283325,0.5110244154930115,-0.008630587719380856,0.0,0.5110771656036377,-0.8595162630081177,0.005650232546031475,0.0,-0.004530724603682756,-0.00926742423325777,-0.999946653842926,0.0,0.015470108017325402,0.0425485260784626,4.592928409576416,1.0]}},{"@class":"BoneInfo","index":13,"offset":{"values":[0.8595228791236877,0.5110243558883667,-0.008630570955574513,0.0,0.5110771656036377,-0.8595162630081177,0.005650323815643787,0.0,-0.004530664067715406,-0.009267493151128292,-0.9999467134475708,0.0,0.015469849109649659,-1.1373932361602784,4.592928409576416,1.0]}},{"@class":"BoneInfo","index":14,"offset":{"values":[0.8595228791236877,0.5110243558883667,-0.008630543947219849,0.0,0.5110771656036377,-0.8595162630081177,0.005650336854159832,0.0,-0.004530633799731731,-0.009267491288483143,-0.9999467134475708,0.0,0.015469789505004883,-3.137392997741699,4.592928886413574,1.0]}},{"@class":"BoneInfo","index":15,"offset":{"values":[0.8629094362258911,-0.5052587389945984,-0.01005963422358036,0.0,0.5053229928016663,0.8624404072761536,0.029076891019940378,0.0,-0.006015513092279434,-0.030174078419804574,0.9995266199111939,0.0,0.022290004417300226,0.13857771456241609,-4.591007709503174,1.0000001192092896]}},{"@class":"BoneInfo","index":16,"offset":{"values":[0.8629093766212463,-0.5052587389945984,-0.010059650056064129,0.0,0.505323052406311,0.8624404072761536,0.029076911509037019,0.0,-0.006015516351908445,-0.030174102634191514,0.9995266199111939,0.0,0.02228999324142933,-1.0783957242965699,-4.591006755828857,1.0000001192092896]}},{"@class":"BoneInfo","index":17,"offset":{"values":[0.8629093766212463,-0.5052587389945984,-0.010059651918709278,0.0,0.505323052406311,0.8624404072761536,0.029076915234327318,0.0,-0.006015515420585871,-0.03017410822212696,0.9995266199111939,0.0,0.02228999324142933,-3.0783958435058595,-4.591006278991699,1.0000001192092896]}}]}