{"@class":"BaseSkinController","id":{"uuid":"BB5FF11F-E534-49E5-AA8B-51CBD3D234A0"},"boneInfoCollection":[{"@class":"BoneInfo","index":0,"offset":{"values":[0.9999999403953552,-1.3783574104309083e-7,-7.078051567077637e-8,0.0,-4.3958425521850588e-7,-0.35295215249061587,-0.9356415271759033,0.0,-1.1362135410308838e-7,0.935641348361969,-0.3529525399208069,0.0,0.0,1.227998971939087,1.7723102569580079,1.0]}},{"@class":"BoneInfo","index":1,"offset":{"values":[0.9999997615814209,1.30385160446167e-7,-8.754432201385498e-7,0.0,-2.4959444999694826e-7,-1.0,-2.9802322387695315e-8,0.0,-0.0000010561197996139527,-4.172325134277344e-7,-0.9999998807907105,0.0,4.76837158203125e-7,2.12884521484375,0.08550715446472168,1.0]}},{"@class":"BoneInfo","index":2,"offset":{"values":[0.9999999403953552,1.4528632164001466e-7,-9.071081876754761e-7,0.0,-2.384185791015625e-7,-1.0,0.0,0.0,-0.0000010598450899124146,-4.76837158203125e-7,-0.9999999403953552,0.0,0.0,1.643176555633545,0.08550739288330078,1.0]}},{"@class":"BoneInfo","index":3,"offset":{"values":[1.0,-1.3969838619232179e-7,-0.000001471489667892456,0.0,-0.000001817941665649414,2.9802322387695315e-8,-1.000000238418579,0.0,-2.9802322387695315e-8,1.0000001192092896,-3.2782554626464846e-7,0.0,0.000003814697265625,0.015388250350952149,2.394650936126709,1.0]}},{"@class":"BoneInfo","index":4,"offset":{"values":[-1.7508864402770997e-7,1.0000001192092896,1.9185245037078858e-7,0.0,1.000000238418579,-1.7508864402770997e-7,-0.0000011026859283447266,0.0,-5.960464477539063e-7,-3.725290298461914e-8,-1.0000001192092896,0.0,-1.5723192691802979,-0.051439762115478519,-0.22909235954284669,1.0000001192092896]}},{"@class":"BoneInfo","index":5,"offset":{"values":[0.9999998807907105,2.0489096641540528e-7,-0.0000011324882507324219,0.0,3.688037395477295e-7,-0.8660253286361694,0.5000004768371582,0.0,-0.000001041218638420105,-0.5000008344650269,-0.8660250902175903,0.0,0.09032964706420899,0.5548556447029114,-0.9994916915893555,0.9999999403953552]}},{"@class":"BoneInfo","index":6,"offset":{"values":[0.9999999403953552,5.21540641784668e-8,-0.0000013485550880432129,0.0,9.611248970031739e-7,0.2864794135093689,0.9580809473991394,0.0,3.6135315895080569e-7,-0.9580862522125244,0.28647759556770327,0.0,0.02782154083251953,-0.7361879348754883,-1.5414910316467286,1.0]}},{"@class":"BoneInfo","index":7,"offset":{"values":[0.9999999403953552,1.2293457984924317e-7,-0.0000013560056686401368,0.0,-2.384185791015625e-7,-1.000000238418579,0.0,0.0,-0.000001559033989906311,-4.470348358154297e-7,-1.0,0.0,0.0,0.24596428871154786,0.008388519287109375,1.0]}}]}