{"@class":"BaseSkinController","id":{"uuid":"D1BAE7CE-88AC-4D19-9151-F45ECEA12EF4"},"boneInfoCollection":[{"@class":"BoneInfo","index":0,"offset":{"values":[1.0,-2.842170943040401e-14,2.3841856489070779e-7,0.0,0.0,1.0,0.0,0.0,-2.3841855067985308e-7,-1.1920930376163597e-7,1.0,0.0,-18.237232208251954,8.540225982666016,-0.9871230125427246,1.0]}},{"@class":"BoneInfo","index":1,"offset":{"values":[0.9853716492652893,0.0056077572517097,0.1703268140554428,0.0,-0.16238167881965638,0.33421292901039126,0.9284038543701172,0.0,-0.051719143986701968,-0.9424809217453003,0.3302345871925354,0.0,-18.705636978149415,5.6900739669799809,-1.1528571844100953,1.0]}},{"@class":"BoneInfo","index":2,"offset":{"values":[0.980792760848999,-0.10307115316390991,0.16559483110904694,0.0,-0.18985986709594727,-0.6990652680397034,0.6893919706344605,0.0,0.04470520466566086,-0.7075904011726379,-0.7052071690559387,0.0,-18.558048248291017,3.865406036376953,-0.7953088283538818,0.9999999403953552]}},{"@class":"BoneInfo","index":3,"offset":{"values":[0.9942266941070557,0.0004722647136077285,0.10729765892028809,0.0,0.01866430975496769,-0.9855066537857056,-0.1686064749956131,0.0,0.10566326230764389,0.1696358025074005,-0.9798228144645691,0.0,-18.59368133544922,1.154845952987671,-2.5540013313293459,1.0]}},{"@class":"BoneInfo","index":4,"offset":{"values":[0.9940586686134338,0.04655270278453827,0.09838878363370896,0.0,0.09740867465734482,-0.7838311195373535,-0.6132867336273193,0.0,0.04856996238231659,0.6192269325256348,-0.783708930015564,0.0,-18.40448570251465,0.8152466416358948,-3.800813674926758,1.0]}},{"@class":"BoneInfo","index":5,"offset":{"values":[0.973260760307312,-0.026025012135505678,0.22822383046150208,0.0,0.2252916842699051,0.3019322454929352,-0.9263263940811157,0.0,-0.044800497591495517,0.9529740810394287,0.29972219467163088,0.0,-17.34625816345215,5.353911399841309,-5.815422058105469,0.9999999403953552]}},{"@class":"BoneInfo","index":6,"offset":{"values":[0.9787810444831848,0.1686127632856369,0.11643511801958084,0.0,-0.11410761624574661,-0.023461751639842988,0.9931912422180176,0.0,0.1701965481042862,-0.9854030013084412,-0.0037241685204207899,0.0,-19.32997703552246,1.101300597190857,5.221137523651123,1.0]}},{"@class":"BoneInfo","index":7,"offset":{"values":[0.8571315407752991,-0.48670369386672976,0.16865627467632295,0.0,0.39569181203842165,0.4125171899795532,-0.8205227851867676,0.0,0.3297778069972992,0.7700318694114685,0.5461663007736206,0.0,-12.526433944702149,15.638053894042969,-7.890414237976074,0.9999999403953552]}}]}