{"@class":"BaseScene","id":{"uuid":"9CCECF3A-AD3C-4733-8605-090FBBA1CA1B"},"name":"Level","nodes":[{"@class":"BaseNode","object3D":{"@class":"BaseObject3D","id":{"uuid":"4424055E-43C8-43D4-A629-0AEFD89B442C"},"name":"UserRootObject","enabled":true,"visible":false,"hitVisible":true,"transform":{"@class":"BaseComponentTransformable","localTransforms":{"values":[1.0,0.0,0.0,0.0,0.0,1.0,0.0,0.0,0.0,0.0,1.0,0.0,0.0,0.0,0.0,1.0]}},"metadata":{"importedIdentifier":"","importedName":"","isBone":false}},"children":["21350862-5F8D-46AB-BB87-F79838879C67","7C75A9A0-9DB3-4407-A428-4DC33F4BCE4F","829663E1-60F7-465E-A684-2B1ADEF1C998","B385D73A-0874-4130-BF16-ACA3C59E97B1","940EA4BE-9E9B-4AC3-9C1A-14D9BB22532B"]},{"@class":"BaseNode","object3D":{"@class":"BaseObject3D","id":{"uuid":"21350862-5F8D-46AB-BB87-F79838879C67"},"name":"MainCamera","enabled":true,"visible":true,"hitVisible":true,"camera":{"@class":"BaseComponentCamera","cameraId":{"uuid":"77C0CA66-8A3F-418B-A50C-4601B8798EF8"}},"transform":{"@class":"BaseComponentTransformable","localTransforms":{"values":[-0.0003452301025390625,5.213962595007615e-11,0.9999999403953552,0.0,3.0199157663446388e-7,1.0,5.213962595007615e-11,0.0,-0.9999999403953552,3.0199157663446388e-7,-0.0003452301025390625,0.0,0.080108642578125,2.4580535888671877,-0.05445575714111328,1.0]}},"metadata":{"importedIdentifier":"","importedName":"","isBone":false}},"children":["996DD24A-3754-4B8C-8A01-1BA15D9CBFA1","E531739E-EFA1-430B-BE86-4C6FC01835FA","83413215-5E63-4E3B-8B0B-76F96CE8E59A","C685FFD5-31DE-421B-8EED-D10E30FF3F4D"]},{"@class":"BaseNode","object3D":{"@class":"BaseObject3D","id":{"uuid":"996DD24A-3754-4B8C-8A01-1BA15D9CBFA1"},"name":"Camera Enabled","enabled":true,"visible":false,"hitVisible":true,"colliders":[{"@class":"BaseComponentCollider","colliderId":{"uuid":"D84A75BB-3893-4A24-8D1E-F79D8DCE4946"}}],"rigidBody":{"@class":"BaseComponentPhysBody","rigidBodyId":{"uuid":"9D05F965-B2AF-4864-A722-2C36F26E8A67"},"isEnabled":true},"transform":{"@class":"BaseComponentTransformable","localTransforms":{"values":[0.9999999403953552,0.0,0.0,0.0,0.0,0.9999999403953552,0.0,0.0,0.0,0.0,1.0000003576278687,0.0,0.0,0.04399991035461426,-0.3249998092651367,1.0]}},"metadata":{"importedIdentifier":"","importedName":"","isBone":false}},"children":["45020B3D-D128-4DB9-81C2-56CEBE46973B","0A4765FC-0387-4247-B3C5-62F6625C75F6","4763081F-4F9D-453E-83A5-EBFCFDAB425E"]},{"@class":"BaseNode","object3D":{"@class":"BaseObject3D","id":{"uuid":"45020B3D-D128-4DB9-81C2-56CEBE46973B"},"name":"Follow","enabled":true,"visible":true,"hitVisible":true,"timeline":{"@class":"BaseComponentTimeline","timelineId":{"uuid":"6B60A789-B3AC-4F53-840E-6E7395AD0738"}},"transform":{"@class":"BaseComponentTransformable","localTransforms":{"values":[-1.0000001192092896,1.7898264559335076e-7,4.934761932418041e-9,0.0,1.789823045328376e-7,1.0000019073486329,1.1920928955078126e-7,0.0,-4.934747721563326e-9,1.1920928955078126e-7,-1.0000019073486329,0.0,3.5762786865234377e-7,4.184289932250977,0.3249526023864746,1.0]}},"metadata":{"importedIdentifier":"","importedName":"","isBone":false}}},{"@class":"BaseNode","object3D":{"@class":"BaseObject3D","id":{"uuid":"0A4765FC-0387-4247-B3C5-62F6625C75F6"},"name":"Rotate Down","enabled":true,"visible":true,"hitVisible":true,"timeline":{"@class":"BaseComponentTimeline","timelineId":{"uuid":"052468D7-0826-4D4C-B225-30C2133023FA"}},"transform":{"@class":"BaseComponentTransformable","localTransforms":{"values":[0.9999997615814209,-2.7997884899377824e-8,-4.94765117764473e-9,0.0,2.8026988729834558e-8,1.0000016689300538,1.1920928955078126e-7,0.0,5.005858838558197e-9,-1.7881393432617188e-7,1.0000017881393433,0.0,-0.00000476837158203125,-0.04386568069458008,0.32500410079956057,1.0]}},"metadata":{"importedIdentifier":"","importedName":"","isBone":false}}},{"@class":"BaseNode","object3D":{"@class":"BaseObject3D","id":{"uuid":"4763081F-4F9D-453E-83A5-EBFCFDAB425E"},"name":"Rotate Up","enabled":true,"visible":true,"hitVisible":true,"timeline":{"@class":"BaseComponentTimeline","timelineId":{"uuid":"47234FED-57B8-4AB2-9D98-C5E21C6ADCAB"}},"transform":{"@class":"BaseComponentTransformable","localTransforms":{"values":[0.9999998807907105,-2.7997884899377824e-8,-4.94765117764473e-9,0.0,2.801243681460619e-8,1.0000017881393433,8.940696716308594e-8,0.0,4.976755008101463e-9,-8.940696716308594e-8,1.0000017881393433,0.0,-0.00000286102294921875,-0.04386568069458008,0.32500410079956057,1.0]}},"metadata":{"importedIdentifier":"","importedName":"","isBone":false}}},{"@class":"BaseNode","object3D":{"@class":"BaseObject3D","id":{"uuid":"E531739E-EFA1-430B-BE86-4C6FC01835FA"},"name":"Top UI","enabled":true,"visible":true,"hitVisible":true,"transform":{"@class":"BaseComponentTransformable","localTransforms":{"values":[0.019999995827674867,-1.332267153094155e-16,-1.4197620856748472e-9,0.0,-9.107262680111898e-18,-0.02000003308057785,1.7484593772820745e-9,0.0,-1.4197635289647793e-9,-1.748458045014445e-9,-0.020000038668513299,0.0,9.443592716706917e-7,0.0989999771118164,-0.3310432434082031,1.0]}},"metadata":{"importedIdentifier":"","importedName":"","isBone":false}},"children":["4B01E0D8-30C2-4BF5-B106-176762D209B5","8BF419EB-9BD6-4697-B44B-6370B6364E6E","3E23F6FE-408F-435F-BF04-F2125A05C218","22455154-C29E-4B4F-827E-624D0D5A4159"]},{"@class":"BaseNode","object3D":{"@class":"BaseObject3D","id":{"uuid":"4B01E0D8-30C2-4BF5-B106-176762D209B5"},"name":"BG Plane","enabled":true,"visible":true,"hitVisible":true,"geometry":{"@class":"BaseComponentGeometry","meshId":{"uuid":"FCABEB28-3DD9-40B4-842F-68D94A56D235"},"static":false,"shadowCast":true,"shadowReceive":true},"material":{"@class":"BaseComponentMaterial","materialId":{"uuid":"D1219059-E8EA-488D-BE3B-51C3CAC41BC3"}},"transform":{"@class":"BaseComponentTransformable","localTransforms":{"values":[1.9047620296478272,-1.3534148235179282e-14,-1.6651976864068275e-7,0.0,-8.742288315488622e-8,-1.1920930376163597e-7,-1.0,0.0,-3.5527141023169749e-15,0.5,-5.960465188081798e-8,0.0,-9.742781514887611e-8,0.000026226043701171876,0.30000001192092898,1.0]}},"metadata":{"importedIdentifier":"","importedName":"","isBone":false}}},{"@class":"BaseNode","object3D":{"@class":"BaseObject3D","id":{"uuid":"8BF419EB-9BD6-4697-B44B-6370B6364E6E"},"name":"Swords","enabled":false,"visible":true,"hitVisible":true,"geometry":{"@class":"BaseComponentGeometry","meshId":{"uuid":"8E7ACC59-B1EA-4E62-9AA9-C71BDCBD52AD"},"static":false,"shadowCast":false,"shadowReceive":false},"material":{"@class":"BaseComponentMaterial","materialId":{"uuid":"F3171944-D56A-4858-BD21-5ED186BBE4D8"}},"transform":{"@class":"BaseComponentTransformable","localTransforms":{"values":[0.3499999940395355,-3.108624680708675e-15,-5.1810434638550638e-15,0.0,-5.1810434638550638e-15,-4.17232506322307e-8,-0.34999996423721316,0.0,3.1086234101592544e-15,0.34999990463256838,-4.1723243526803347e-8,0.0,-1.7571847438812256,0.04282863438129425,0.19555355608463288,1.0]}},"metadata":{"importedIdentifier":"","importedName":"","isBone":false}}},{"@class":"BaseNode","object3D":{"@class":"BaseObject3D","id":{"uuid":"3E23F6FE-408F-435F-BF04-F2125A05C218"},"name":"Ammo Panel","enabled":true,"visible":true,"hitVisible":true,"transform":{"@class":"BaseComponentTransformable","localTransforms":{"values":[1.0,0.0,0.0,0.0,0.0,-1.1920928955078126e-7,-0.9999998807907105,0.0,-0.0,0.9999998807907105,-1.1920928955078126e-7,0.0,-0.9999794960021973,0.30476415157318118,0.17592084407806397,1.0]}},"metadata":{"importedIdentifier":"","importedName":"","isBone":false}},"children":["B5C9F0E2-FAD7-4EE6-B154-336141EC8D65","561F05E4-4605-4DE7-B928-2B899BC70147","EB880864-BFBB-4CCB-9F8F-367C227B95E3","CC9878A5-BDEA-4D93-B163-A23F00CFAC06"]},{"@class":"BaseNode","object3D":{"@class":"BaseObject3D","id":{"uuid":"B5C9F0E2-FAD7-4EE6-B154-336141EC8D65"},"name":"Icon","enabled":true,"visible":true,"hitVisible":true,"geometry":{"@class":"BaseComponentGeometry","meshId":{"uuid":"8E7ACC59-B1EA-4E62-9AA9-C71BDCBD52AD"},"static":false,"shadowCast":false,"shadowReceive":false},"material":{"@class":"BaseComponentMaterial","materialId":{"uuid":"178F2D4B-80E8-47B5-8B5D-AF0F150A9550"}},"transform":{"@class":"BaseComponentTransformable","localTransforms":{"values":[0.009999999776482582,-2.849572623982952e-16,8.88178366760566e-17,0.0,4.274359068323326e-15,0.15000000596046449,-3.725290742551124e-9,0.0,-1.2434497664043517e-15,3.476937848745365e-9,0.14000000059604646,0.0,0.0,-0.019999999552965165,0.0000152587890625,1.0]}},"metadata":{"importedIdentifier":"","importedName":"","isBone":false}}},{"@class":"BaseNode","object3D":{"@class":"BaseObject3D","id":{"uuid":"561F05E4-4605-4DE7-B928-2B899BC70147"},"name":"BG","enabled":true,"visible":true,"hitVisible":true,"geometry":{"@class":"BaseComponentGeometry","meshId":{"uuid":"8E7ACC59-B1EA-4E62-9AA9-C71BDCBD52AD"},"static":false,"shadowCast":false,"shadowReceive":false},"material":{"@class":"BaseComponentMaterial","materialId":{"uuid":"D31C476D-FC49-4427-AED3-00074B127BBA"}},"transform":{"@class":"BaseComponentTransformable","localTransforms":{"values":[1.249999761581421,-3.6415311819573348e-14,3.2653611395762687e-15,0.0,4.369837892687252e-15,0.14999999105930329,2.848751456951959e-9,0.0,-4.440892627896218e-16,-3.228584954939606e-9,0.16999998688697816,0.0,1.5499982833862305,-0.030596241354942323,-0.001728445291519165,1.0]}},"metadata":{"importedIdentifier":"","importedName":"","isBone":false}}},{"@class":"BaseNode","object3D":{"@class":"BaseObject3D","id":{"uuid":"EB880864-BFBB-4CCB-9F8F-367C227B95E3"},"name":"Ammo Sync","enabled":true,"visible":true,"hitVisible":true,"timeline":{"@class":"BaseComponentTimeline","timelineId":{"uuid":"1317AE86-5DDF-4A12-B444-51BF401EA76E"}},"transform":{"@class":"BaseComponentTransformable","localTransforms":{"values":[50.0,0.000003549398797986214,4.0035330736362675e-13,0.0,-3.3306682607238405e-13,0.000010331587873224635,-49.999916076660159,0.0,-0.0000035494022085913459,49.99990463256836,0.000010331583325751126,0.0,0.9999296069145203,36.81842041015625,4.6452178955078129,1.0]}},"metadata":{"importedIdentifier":"","importedName":"","isBone":false}}},{"@class":"BaseNode","object3D":{"@class":"BaseObject3D","id":{"uuid":"CC9878A5-BDEA-4D93-B163-A23F00CFAC06"},"name":"Show Ammo","enabled":true,"visible":true,"hitVisible":true,"timeline":{"@class":"BaseComponentTimeline","timelineId":{"uuid":"B65B7D3D-0972-4EBA-85BD-B5CFBA6231C1"}},"transform":{"@class":"BaseComponentTransformable","localTransforms":{"values":[1.0,0.0,0.0,0.0,0.0,1.0,0.0,0.0,0.0,0.0,1.0,0.0,0.0,0.0,0.0,1.0]}},"metadata":{"importedIdentifier":"","importedName":"","isBone":false}}},{"@class":"BaseNode","object3D":{"@class":"BaseObject3D","id":{"uuid":"22455154-C29E-4B4F-827E-624D0D5A4159"},"name":"Character Panel","enabled":true,"visible":true,"hitVisible":true,"transform":{"@class":"BaseComponentTransformable","localTransforms":{"values":[0.9999998807907105,1.4210854715202005e-14,-1.4210854715202005e-14,0.0,0.0,-8.940696716308594e-8,-0.9999998211860657,0.0,0.0,0.9999997615814209,-8.940696716308594e-8,0.0,-0.9999793171882629,0.3047647476196289,0.1759204864501953,1.0]}},"metadata":{"importedIdentifier":"","importedName":"","isBone":false}},"children":["3DAB1AEE-024A-45CB-AC67-F59A0067F917","503E9FA5-3F7F-4739-B2D2-8C96F90D0E84"]},{"@class":"BaseNode","object3D":{"@class":"BaseObject3D","id":{"uuid":"3DAB1AEE-024A-45CB-AC67-F59A0067F917"},"name":"Icon","enabled":true,"visible":true,"hitVisible":true,"geometry":{"@class":"BaseComponentGeometry","meshId":{"uuid":"8E7ACC59-B1EA-4E62-9AA9-C71BDCBD52AD"},"static":false,"shadowCast":false,"shadowReceive":false},"material":{"@class":"BaseComponentMaterial","materialId":{"uuid":"E0B6F1D0-F711-4ADA-B318-8E39617D75A9"}},"transform":{"@class":"BaseComponentTransformable","localTransforms":{"values":[0.009999999776482582,-2.849572623982952e-16,8.88178366760566e-17,0.0,4.274359068323326e-15,0.15000000596046449,-3.725290742551124e-9,0.0,-1.2434497664043517e-15,3.476937848745365e-9,0.14000000059604646,0.0,0.0001035928726196289,0.17000000178813935,-0.5350323915481567,1.0]}},"metadata":{"importedIdentifier":"","importedName":"","isBone":false}}},{"@class":"BaseNode","object3D":{"@class":"BaseObject3D","id":{"uuid":"503E9FA5-3F7F-4739-B2D2-8C96F90D0E84"},"name":"BG","enabled":true,"visible":true,"hitVisible":true,"geometry":{"@class":"BaseComponentGeometry","meshId":{"uuid":"8E7ACC59-B1EA-4E62-9AA9-C71BDCBD52AD"},"static":false,"shadowCast":false,"shadowReceive":false},"material":{"@class":"BaseComponentMaterial","materialId":{"uuid":"F297CFF0-78AF-4329-B139-96EDD029E0A1"}},"transform":{"@class":"BaseComponentTransformable","localTransforms":{"values":[1.25,-4.255855379480672e-14,-2.4748723849356975e-14,0.0,5.107026336792194e-15,0.15000000596046449,-7.450580152834618e-9,0.0,3.3658264469006804e-15,8.443990395790025e-9,0.17000000178813935,0.0,1.5499999523162842,0.0047054290771484379,-0.5877013206481934,1.0]}},"metadata":{"importedIdentifier":"","importedName":"","isBone":false}}},{"@class":"BaseNode","object3D":{"@class":"BaseObject3D","id":{"uuid":"83413215-5E63-4E3B-8B0B-76F96CE8E59A"},"name":"Weapon","enabled":true,"visible":true,"hitVisible":true,"transform":{"@class":"BaseComponentTransformable","localTransforms":{"values":[0.5,0.0,0.0,0.0,0.0,0.5,0.0,0.0,0.0,0.0,0.5,0.0,1.9744038581848145e-7,0.0,0.005289196968078613,1.0]}},"metadata":{"importedIdentifier":"","importedName":"","isBone":false}},"children":["864479B3-D11C-4FA3-B885-997930B461BF","942B2FE4-2B49-490E-A32F-CAFA36AA02A7"]},{"@class":"BaseNode","object3D":{"@class":"BaseObject3D","id":{"uuid":"864479B3-D11C-4FA3-B885-997930B461BF"},"name":"Semi-Automatic_Pistol","enabled":true,"visible":true,"hitVisible":true,"transform":{"@class":"BaseComponentTransformable","localTransforms":{"values":[1.0,0.0,0.0,0.0,0.0,1.0,0.0,0.0,0.0,0.0,1.0,0.0,0.0,0.0,0.0,1.0]}},"metadata":{"importedIdentifier":"RootNode","importedName":"RootNode","isBone":false}},"children":["121F6C26-A711-4E2C-9722-0F25F8C471C1","B741A23B-DFCC-4FDA-8BA7-73C5ACBB4044","9A404E64-E0E6-4D3C-8AB3-F9E0B5C2449B","BED2A32D-FD1C-4565-9A9A-8902D8EBD7E4","90EB1C1F-7950-44BA-9A51-ABCE0073AEE9","0D0959D2-41A3-4FC6-ABF2-5F1A75F6A6FF"]},{"@class":"BaseNode","object3D":{"@class":"BaseObject3D","id":{"uuid":"121F6C26-A711-4E2C-9722-0F25F8C471C1"},"name":"BSP_rig_$AssimpFbx$_Translation","enabled":true,"visible":true,"hitVisible":true,"transform":{"@class":"BaseComponentTransformable","localTransforms":{"values":[1.0,0.0,0.0,0.0,0.0,1.0,0.0,0.0,0.0,0.0,1.0,0.0,0.00014310359256342053,0.00017442180251237005,0.000010566399396338966,1.0]}},"metadata":{"importedIdentifier":"BSP_rig_$AssimpFbx$_Translation","importedName":"BSP_rig_$AssimpFbx$_Translation","isBone":false}},"children":["1219A0EE-0D8C-4543-A33C-041FF8827F28"]},{"@class":"BaseNode","object3D":{"@class":"BaseObject3D","id":{"uuid":"1219A0EE-0D8C-4543-A33C-041FF8827F28"},"name":"BSP_rig_$AssimpFbx$_PreRotation","enabled":true,"visible":true,"hitVisible":true,"transform":{"@class":"BaseComponentTransformable","localTransforms":{"values":[1.0,0.0,0.0,0.0,0.0,5.960464477539063e-8,-0.9999999403953552,0.0,0.0,0.9999999403953552,5.960464477539063e-8,0.0,0.0,0.0,0.0,1.0]}},"metadata":{"importedIdentifier":"BSP_rig_$AssimpFbx$_PreRotation","importedName":"BSP_rig_$AssimpFbx$_PreRotation","isBone":false}},"children":["5D7A13DF-F59B-43CA-8E9A-FA89AE1A25B3"]},{"@class":"BaseNode","object3D":{"@class":"BaseObject3D","id":{"uuid":"5D7A13DF-F59B-43CA-8E9A-FA89AE1A25B3"},"name":"BSP_rig_$AssimpFbx$_Rotation","enabled":true,"visible":true,"hitVisible":true,"transform":{"@class":"BaseComponentTransformable","localTransforms":{"values":[1.0,5.684341886080802e-14,9.5367431640625e-7,0.0,-9.521177162241656e-7,-0.057111382484436038,0.9983678460121155,0.0,5.4465687071569849e-8,-0.9983678460121155,-0.057111382484436038,0.0,0.0,0.0,0.0,1.0]}},"metadata":{"importedIdentifier":"BSP_rig_$AssimpFbx$_Rotation","importedName":"BSP_rig_$AssimpFbx$_Rotation","isBone":false}},"children":["FC1059C8-9AD0-4DB8-9AE6-AB0C42827DEB"]},{"@class":"BaseNode","object3D":{"@class":"BaseObject3D","id":{"uuid":"FC1059C8-9AD0-4DB8-9AE6-AB0C42827DEB"},"name":"BSP_rig","enabled":true,"visible":true,"hitVisible":true,"transform":{"@class":"BaseComponentTransformable","localTransforms":{"values":[1.0,0.0,0.0,0.0,0.0,1.0,0.0,0.0,0.0,0.0,1.0,0.0,0.0,0.0,0.0,1.0]}},"metadata":{"importedIdentifier":"BSP_rig","importedName":"BSP_rig","isBone":false}},"children":["1BA6A935-AF18-4FF6-85D5-917733D163B2","8A5E492F-FAA4-438F-B295-0FFAC1B92EAC","B4D676A4-64CE-41C6-8BC1-9AA7E3627344","8F74CADD-D829-4823-8C5B-D557623B03D3","C8B5272A-A656-4325-B055-0B7CD137665C"]},{"@class":"BaseNode","object3D":{"@class":"BaseObject3D","id":{"uuid":"1BA6A935-AF18-4FF6-85D5-917733D163B2"},"name":"BSP_rig_Neck","enabled":true,"visible":true,"hitVisible":true,"transform":{"@class":"BaseComponentTransformable","localTransforms":{"values":[1.0,0.0,0.0,0.0,0.0,0.9983677268028259,-0.05711306259036064,0.0,0.0,0.05711306259036064,0.9983677268028259,0.0,0.0,0.5813761353492737,-4.8711299882597817e-8,1.0]}},"metadata":{"importedIdentifier":"BSP_rig_Neck","importedName":"BSP_rig_Neck","isBone":false}},"children":["697A15B3-A8DB-4100-88AA-AB1A51337B5D"]},{"@class":"BaseNode","object3D":{"@class":"BaseObject3D","id":{"uuid":"697A15B3-A8DB-4100-88AA-AB1A51337B5D"},"name":"BSP_rig_Head","enabled":true,"visible":true,"hitVisible":true,"transform":{"@class":"BaseComponentTransformable","localTransforms":{"values":[1.0,0.0,0.0,0.0,0.0,1.0,0.0,0.0,0.0,0.0,1.0,0.0,0.0,0.02596987783908844,-0.0043005007319152359,1.0]}},"metadata":{"importedIdentifier":"BSP_rig_Head","importedName":"BSP_rig_Head","isBone":false}},"children":["F7EBAC6B-D955-412B-82BC-65352908DF3F"]},{"@class":"BaseNode","object3D":{"@class":"BaseObject3D","id":{"uuid":"F7EBAC6B-D955-412B-82BC-65352908DF3F"},"name":"BSP_rig_HeadTop","enabled":true,"visible":true,"hitVisible":true,"transform":{"@class":"BaseComponentTransformable","localTransforms":{"values":[1.0,0.0,0.0,0.0,0.0,1.0,0.0,0.0,0.0,0.0,1.0,0.0,0.0,1.0118260383605958,-0.167558953166008,1.0]}},"metadata":{"importedIdentifier":"BSP_rig_HeadTop","importedName":"BSP_rig_HeadTop","isBone":false}}},{"@class":"BaseNode","object3D":{"@class":"BaseObject3D","id":{"uuid":"8A5E492F-FAA4-438F-B295-0FFAC1B92EAC"},"name":"BSP_rig_L_Shoulder","enabled":true,"visible":true,"hitVisible":true,"transform":{"@class":"BaseComponentTransformable","localTransforms":{"values":[0.007726609241217375,0.000761091650929302,-0.9999698996543884,0.0,-0.8873733282089233,-0.46099555492401125,-0.007207542657852173,0.0,-0.4609870910644531,0.8874022960662842,-0.0028867721557617189,0.0,-0.22105230391025544,0.46730509400367739,-0.001392199657857418,1.0]}},"metadata":{"importedIdentifier":"BSP_rig_L_Shoulder","importedName":"BSP_rig_L_Shoulder","isBone":true}},"children":["D1720F65-B0E4-4046-851C-14ED689C27B8"]},{"@class":"BaseNode","object3D":{"@class":"BaseObject3D","id":{"uuid":"D1720F65-B0E4-4046-851C-14ED689C27B8"},"name":"BSP_rig_L_Arm","enabled":true,"visible":true,"hitVisible":true,"transform":{"@class":"BaseComponentTransformable","localTransforms":{"values":[0.9998463988304138,-0.0003980956971645355,0.017523329704999925,0.0,-0.007727182470262051,0.8873372673988342,0.46105626225471499,0.0,-0.015732649713754655,-0.4611208140850067,0.8871978521347046,0.0,3.027915917996893e-9,0.47153350710868838,-2.4223328409789249e-7,1.0]}},"metadata":{"importedIdentifier":"BSP_rig_L_Arm","importedName":"BSP_rig_L_Arm","isBone":true}},"children":["49E2FD73-3119-4C7C-B166-79F2F689C854"]},{"@class":"BaseNode","object3D":{"@class":"BaseObject3D","id":{"uuid":"49E2FD73-3119-4C7C-B166-79F2F689C854"},"name":"BSP_rig_L_ForeArm","enabled":true,"visible":true,"hitVisible":true,"transform":{"@class":"BaseComponentTransformable","localTransforms":{"values":[1.0,0.0,0.00011776384781114757,0.0,-1.1776474240221547e-10,1.0,0.00000100000761449337,0.0,-0.00011776384781114757,-0.00000100000761449337,1.0,0.0,7.569789794992232e-10,0.9283120036125183,-5.329131909093121e-7,1.0]}},"metadata":{"importedIdentifier":"BSP_rig_L_ForeArm","importedName":"BSP_rig_L_ForeArm","isBone":true}},"children":["CD99BB1D-A5F6-42F8-9593-AEF6AEB3E39C"]},{"@class":"BaseNode","object3D":{"@class":"BaseObject3D","id":{"uuid":"CD99BB1D-A5F6-42F8-9593-AEF6AEB3E39C"},"name":"BSP_rig_L_Hand","enabled":true,"visible":true,"hitVisible":true,"transform":{"@class":"BaseComponentTransformable","localTransforms":{"values":[0.9864940047264099,0.1450652927160263,-0.07606346160173416,0.0,-0.14672841131687165,0.989035427570343,-0.016722431406378747,0.0,0.07280360907316208,0.027657249942421914,0.9969627261161804,0.0,8.023977215998457e-8,1.174072265625,2.1800994431941945e-7,1.0]}},"metadata":{"importedIdentifier":"BSP_rig_L_Hand","importedName":"BSP_rig_L_Hand","isBone":true}},"children":["4DC163BD-89B8-41CF-A3AF-3FD6651697C6","06C18EE8-E1F6-423D-B6AE-DFBC9A9A5701","5780C7B1-A982-4716-B55D-44E9AD35A84F","CFCBD7F6-395F-4351-AA0A-34FE7AF345AF","4904019C-7E1A-44B2-9A30-524AFE237565"]},{"@class":"BaseNode","object3D":{"@class":"BaseObject3D","id":{"uuid":"4DC163BD-89B8-41CF-A3AF-3FD6651697C6"},"name":"BSP_rig_L_Finger1","enabled":true,"visible":true,"hitVisible":true,"transform":{"@class":"BaseComponentTransformable","localTransforms":{"values":[0.8862983584403992,-0.4231064021587372,-0.1882980763912201,0.0,0.32808223366737368,0.8606001734733582,-0.38952454924583437,0.0,0.32685965299606326,0.2834576964378357,0.9015621542930603,0.0,0.11511959135532379,0.05217801779508591,-0.049677006900310519,1.0]}},"metadata":{"importedIdentifier":"BSP_rig_L_Finger1","importedName":"BSP_rig_L_Finger1","isBone":true}},"children":["8F5D4ED9-3A2D-4F73-9331-18DA2198F9B6"]},{"@class":"BaseNode","object3D":{"@class":"BaseObject3D","id":{"uuid":"8F5D4ED9-3A2D-4F73-9331-18DA2198F9B6"},"name":"BSP_rig_L_Finger11","enabled":true,"visible":true,"hitVisible":true,"transform":{"@class":"BaseComponentTransformable","localTransforms":{"values":[0.9472880959510803,-0.3202183246612549,-0.010270827449858189,0.0,0.32023006677627566,0.947339653968811,-0.0005259513854980469,0.0,0.009898382239043713,-0.0027908002957701685,0.9999471306800842,0.0,0.02948366478085518,0.1045653223991394,-5.813598704662581e-7,1.0]}},"metadata":{"importedIdentifier":"BSP_rig_L_Finger11","importedName":"BSP_rig_L_Finger11","isBone":true}},"children":["F984D391-B1CD-4C9D-AFD9-151A81C4CAEE"]},{"@class":"BaseNode","object3D":{"@class":"BaseObject3D","id":{"uuid":"F984D391-B1CD-4C9D-AFD9-151A81C4CAEE"},"name":"BSP_rig_L_Finger12","enabled":true,"visible":true,"hitVisible":true,"transform":{"@class":"BaseComponentTransformable","localTransforms":{"values":[0.9845607876777649,-0.17382289469242097,0.020631756633520128,0.0,0.17376157641410829,0.9847762584686279,0.004741879180073738,0.0,-0.021141912788152696,-0.001083661918528378,0.9997758865356445,0.0,-0.006778946612030268,0.13233378529548646,-0.000001453399590900517,1.0]}},"metadata":{"importedIdentifier":"BSP_rig_L_Finger12","importedName":"BSP_rig_L_Finger12","isBone":true}},"children":["E0E070E3-6D27-4A3A-970D-E47CB613284A"]},{"@class":"BaseNode","object3D":{"@class":"BaseObject3D","id":{"uuid":"E0E070E3-6D27-4A3A-970D-E47CB613284A"},"name":"BSP_rig_L_Finger1Nub","enabled":true,"visible":true,"hitVisible":true,"transform":{"@class":"BaseComponentTransformable","localTransforms":{"values":[1.0,0.0,0.0,0.0,0.0,1.0,0.0,0.0,0.0,0.0,1.0,0.0,-0.02270597778260708,0.09882419556379318,2.9067993523312909e-7,1.0]}},"metadata":{"importedIdentifier":"BSP_rig_L_Finger1Nub","importedName":"BSP_rig_L_Finger1Nub","isBone":false}}},{"@class":"BaseNode","object3D":{"@class":"BaseObject3D","id":{"uuid":"06C18EE8-E1F6-423D-B6AE-DFBC9A9A5701"},"name":"BSP_rig_L_Finger2","enabled":true,"visible":true,"hitVisible":true,"transform":{"@class":"BaseComponentTransformable","localTransforms":{"values":[0.9897342324256897,-0.14290079474449159,-0.0023299981839954855,0.0,0.14291030168533326,0.9893488883972168,0.027663400396704675,0.0,-0.0016479409532621503,-0.027712395414710046,0.9996145367622376,0.0,0.16186775267124177,0.25563400983810427,-0.004700052086263895,1.0]}},"metadata":{"importedIdentifier":"BSP_rig_L_Finger2","importedName":"BSP_rig_L_Finger2","isBone":true}},"children":["8AEDDC5E-8C18-4637-9DD2-1BE66F4BCF8E"]},{"@class":"BaseNode","object3D":{"@class":"BaseObject3D","id":{"uuid":"8AEDDC5E-8C18-4637-9DD2-1BE66F4BCF8E"},"name":"BSP_rig_L_Finger21","enabled":true,"visible":true,"hitVisible":true,"transform":{"@class":"BaseComponentTransformable","localTransforms":{"values":[0.9999986290931702,-0.0016369810327887536,0.00008916808292269707,0.0,0.0016369810327887536,0.9999986886978149,9.99992948891304e-7,0.0,-0.00008916959632188082,-8.54025188345986e-7,1.0,0.0,0.0002944224397651851,0.13326512277126313,-6.540298613799678e-7,1.0]}},"metadata":{"importedIdentifier":"BSP_rig_L_Finger21","importedName":"BSP_rig_L_Finger21","isBone":true}},"children":["50614970-75FF-4383-9882-34787FCD6B09"]},{"@class":"BaseNode","object3D":{"@class":"BaseObject3D","id":{"uuid":"50614970-75FF-4383-9882-34787FCD6B09"},"name":"BSP_rig_L_Finger22","enabled":true,"visible":true,"hitVisible":true,"transform":{"@class":"BaseComponentTransformable","localTransforms":{"values":[0.9999902844429016,-0.0043997615575790409,-0.00016299978597089648,0.0,0.0043997615575790409,0.9999903440475464,-0.0000019073631847277285,0.0,0.00016300659626722336,0.0000011901844345629798,1.0,0.0,0.00006787376332795247,0.12987133860588075,0.0000012596129863595707,1.0]}},"metadata":{"importedIdentifier":"BSP_rig_L_Finger22","importedName":"BSP_rig_L_Finger22","isBone":true}},"children":["4C1E5047-3334-4863-8FBF-5D89C91E3277"]},{"@class":"BaseNode","object3D":{"@class":"BaseObject3D","id":{"uuid":"4C1E5047-3334-4863-8FBF-5D89C91E3277"},"name":"BSP_rig_L_Finger2Nub","enabled":true,"visible":true,"hitVisible":true,"transform":{"@class":"BaseComponentTransformable","localTransforms":{"values":[1.0,0.0,0.0,0.0,0.0,1.0,0.0,0.0,0.0,0.0,1.0,0.0,-0.0003623385855462402,0.09324120730161667,0.0000010658263818186243,1.0]}},"metadata":{"importedIdentifier":"BSP_rig_L_Finger2Nub","importedName":"BSP_rig_L_Finger2Nub","isBone":false}}},{"@class":"BaseNode","object3D":{"@class":"BaseObject3D","id":{"uuid":"5780C7B1-A982-4716-B55D-44E9AD35A84F"},"name":"BSP_rig_L_Finger3","enabled":true,"visible":true,"hitVisible":true,"transform":{"@class":"BaseComponentTransformable","localTransforms":{"values":[0.9895659685134888,-0.1440800130367279,0.00008821486699162051,0.0,0.14402246475219727,0.9891877174377441,0.027659470215439798,0.0,-0.0040724375285208229,-0.027358168736100198,0.999617338180542,0.0,0.04091433808207512,0.27891960740089419,0.007795018143951893,1.0]}},"metadata":{"importedIdentifier":"BSP_rig_L_Finger3","importedName":"BSP_rig_L_Finger3","isBone":true}},"children":["D8C32443-1678-4243-A212-94E60208D749"]},{"@class":"BaseNode","object3D":{"@class":"BaseObject3D","id":{"uuid":"D8C32443-1678-4243-A212-94E60208D749"},"name":"BSP_rig_L_Finger31","enabled":true,"visible":true,"hitVisible":true,"transform":{"@class":"BaseComponentTransformable","localTransforms":{"values":[0.9999992847442627,-0.0011291500413790346,0.00003576278322725557,0.0,0.0011291500413790346,0.9999992847442627,0.0000010000148904509843,0.0,-0.00003576389281079173,-9.596327572580777e-7,1.0,0.0,0.00014038629888091236,0.13306939601898194,4.360198886388389e-7,1.0]}},"metadata":{"importedIdentifier":"BSP_rig_L_Finger31","importedName":"BSP_rig_L_Finger31","isBone":true}},"children":["795B35C1-0FA3-457B-BAF3-8C49A81DAB6D"]},{"@class":"BaseNode","object3D":{"@class":"BaseObject3D","id":{"uuid":"795B35C1-0FA3-457B-BAF3-8C49A81DAB6D"},"name":"BSP_rig_L_Finger32","enabled":true,"visible":true,"hitVisible":true,"transform":{"@class":"BaseComponentTransformable","localTransforms":{"values":[0.9999992251396179,-0.001253127702511847,-0.0000730002429918386,0.0,0.001253127702511847,0.9999992251396179,0.0,0.0,0.00007300018478417769,-9.147862556346809e-8,1.0,0.0,-0.00000680902576277731,0.13101564347743989,4.844665681957849e-7,1.0]}},"metadata":{"importedIdentifier":"BSP_rig_L_Finger32","importedName":"BSP_rig_L_Finger32","isBone":true}},"children":["26B7CE58-2854-435E-BB82-0152A2D683AA"]},{"@class":"BaseNode","object3D":{"@class":"BaseObject3D","id":{"uuid":"26B7CE58-2854-435E-BB82-0152A2D683AA"},"name":"BSP_rig_L_Finger3Nub","enabled":true,"visible":true,"hitVisible":true,"transform":{"@class":"BaseComponentTransformable","localTransforms":{"values":[1.0,0.0,0.0,0.0,0.0,1.0,0.0,0.0,0.0,0.0,1.0,0.0,-0.00013362949539441615,0.0977618619799614,2.1800994431941945e-7,1.0]}},"metadata":{"importedIdentifier":"BSP_rig_L_Finger3Nub","importedName":"BSP_rig_L_Finger3Nub","isBone":false}}},{"@class":"BaseNode","object3D":{"@class":"BaseObject3D","id":{"uuid":"CFCBD7F6-395F-4351-AA0A-34FE7AF345AF"},"name":"BSP_rig_L_Finger4","enabled":true,"visible":true,"hitVisible":true,"transform":{"@class":"BaseComponentTransformable","localTransforms":{"values":[0.9895716309547424,-0.1440412998199463,0.00033187936060130596,0.0,0.1439771056175232,0.989194393157959,0.02765846811234951,0.0,-0.00431225448846817,-0.027322253212332727,0.9996173977851868,0.0,-0.046621426939964297,0.28703752160072329,0.008022523485124112,1.0]}},"metadata":{"importedIdentifier":"BSP_rig_L_Finger4","importedName":"BSP_rig_L_Finger4","isBone":true}},"children":["F27A2C98-C12B-4770-A6A0-1BAC572345D6"]},{"@class":"BaseNode","object3D":{"@class":"BaseObject3D","id":{"uuid":"F27A2C98-C12B-4770-A6A0-1BAC572345D6"},"name":"BSP_rig_L_Finger41","enabled":true,"visible":true,"hitVisible":true,"transform":{"@class":"BaseComponentTransformable","localTransforms":{"values":[0.9999967217445374,-0.0025668111629784109,-0.00001700036045804154,0.0,0.0025668111629784109,0.9999967217445374,-1.7763568394002506e-15,0.0,0.000017000305888359436,-4.36367173506369e-8,1.0,0.0,0.00013516616309061646,0.12749861180782319,-0.000001186942995445861,1.0]}},"metadata":{"importedIdentifier":"BSP_rig_L_Finger41","importedName":"BSP_rig_L_Finger41","isBone":true}},"children":["C89AC8D6-7952-4D4A-94C3-B6177C55D70D"]},{"@class":"BaseNode","object3D":{"@class":"BaseObject3D","id":{"uuid":"C89AC8D6-7952-4D4A-94C3-B6177C55D70D"},"name":"BSP_rig_L_Finger42","enabled":true,"visible":true,"hitVisible":true,"transform":{"@class":"BaseComponentTransformable","localTransforms":{"values":[0.999998152256012,0.001880998839624226,0.000035762197512667629,0.0,-0.001880998839624226,0.999998152256012,0.0,0.0,-0.000035762135667027908,-6.726865819928207e-8,1.0,0.0,-0.00017829579883255064,0.12250589579343796,2.9067993523312909e-7,1.0]}},"metadata":{"importedIdentifier":"BSP_rig_L_Finger42","importedName":"BSP_rig_L_Finger42","isBone":true}},"children":["789B2428-C6C1-4503-A28C-0B40B4B1A4F6"]},{"@class":"BaseNode","object3D":{"@class":"BaseObject3D","id":{"uuid":"789B2428-C6C1-4503-A28C-0B40B4B1A4F6"},"name":"BSP_rig_L_Finger4Nub","enabled":true,"visible":true,"hitVisible":true,"transform":{"@class":"BaseComponentTransformable","localTransforms":{"values":[1.0,0.0,0.0,0.0,0.0,1.0,0.0,0.0,0.0,0.0,1.0,0.0,0.00004312963574193418,0.09720569103956223,1.9378661875180115e-7,1.0]}},"metadata":{"importedIdentifier":"BSP_rig_L_Finger4Nub","importedName":"BSP_rig_L_Finger4Nub","isBone":false}}},{"@class":"BaseNode","object3D":{"@class":"BaseObject3D","id":{"uuid":"4904019C-7E1A-44B2-9A30-524AFE237565"},"name":"BSP_rig_L_Finger5","enabled":true,"visible":true,"hitVisible":true,"transform":{"@class":"BaseComponentTransformable","localTransforms":{"values":[0.9894589781761169,-0.1447930485010147,0.0024199464824050667,0.0,0.14467184245586396,0.9890930652618408,0.027658386155962945,0.0,-0.006398294121026993,-0.027016742154955865,0.9996144771575928,0.0,-0.15616054832935334,0.27377843856811526,-0.004872473888099194,1.0]}},"metadata":{"importedIdentifier":"BSP_rig_L_Finger5","importedName":"BSP_rig_L_Finger5","isBone":true}},"children":["8CC5133B-32F4-460E-9817-86B9FF97E3B2"]},{"@class":"BaseNode","object3D":{"@class":"BaseObject3D","id":{"uuid":"8CC5133B-32F4-460E-9817-86B9FF97E3B2"},"name":"BSP_rig_L_Finger51","enabled":true,"visible":true,"hitVisible":true,"transform":{"@class":"BaseComponentTransformable","localTransforms":{"values":[0.9999997019767761,-0.0006499291048385203,0.000003814930096268654,0.0,0.0006499291048385203,0.9999997019767761,3.3306688091776738e-16,0.0,-0.000003814929641521303,2.479434435542771e-9,1.0,0.0,0.00004163989797234535,0.10094189643859863,-3.1490324658989268e-7,1.0]}},"metadata":{"importedIdentifier":"BSP_rig_L_Finger51","importedName":"BSP_rig_L_Finger51","isBone":true}},"children":["54691B8F-7E8C-4213-BABA-EF56566C9820"]},{"@class":"BaseNode","object3D":{"@class":"BaseObject3D","id":{"uuid":"54691B8F-7E8C-4213-BABA-EF56566C9820"},"name":"BSP_rig_L_Finger52","enabled":true,"visible":true,"hitVisible":true,"transform":{"@class":"BaseComponentTransformable","localTransforms":{"values":[1.0,-0.00008106235327431932,-0.000018000373529503123,0.0,0.00008106235327431932,1.0,0.0,0.0,0.000018000373529503123,-1.4591526875662453e-9,1.0,0.0,-0.00001843395148171112,0.07886844128370285,-7.024764840934949e-7,1.0]}},"metadata":{"importedIdentifier":"BSP_rig_L_Finger52","importedName":"BSP_rig_L_Finger52","isBone":true}},"children":["865D60E5-66B0-4B60-B783-FEC8C65D95EA"]},{"@class":"BaseNode","object3D":{"@class":"BaseObject3D","id":{"uuid":"865D60E5-66B0-4B60-B783-FEC8C65D95EA"},"name":"BSP_rig_L_Finger5Nub","enabled":true,"visible":true,"hitVisible":true,"transform":{"@class":"BaseComponentTransformable","localTransforms":{"values":[1.0,0.0,0.0,0.0,0.0,1.0,0.0,0.0,0.0,0.0,1.0,0.0,-0.000023327063900069335,0.05984421446919441,2.6645659545465607e-7,1.0]}},"metadata":{"importedIdentifier":"BSP_rig_L_Finger5Nub","importedName":"BSP_rig_L_Finger5Nub","isBone":false}}},{"@class":"BaseNode","object3D":{"@class":"BaseObject3D","id":{"uuid":"B4D676A4-64CE-41C6-8BC1-9AA7E3627344"},"name":"BSP_rig_RightShoulder","enabled":true,"visible":true,"hitVisible":true,"transform":{"@class":"BaseComponentTransformable","localTransforms":{"values":[-0.06670069694519043,0.000919044017791748,0.9977726936340332,0.0,0.887339174747467,-0.4572313725948334,0.059739287942647937,0.0,0.45626768469810488,0.8893473744392395,0.029681919142603875,0.0,0.22105251252651215,0.4682081937789917,0.014391514472663403,1.0]}},"metadata":{"importedIdentifier":"BSP_rig_RightShoulder","importedName":"BSP_rig_RightShoulder","isBone":true}},"children":["5768C7CC-B705-4AF2-A093-DC680C22F1D5"]},{"@class":"BaseNode","object3D":{"@class":"BaseObject3D","id":{"uuid":"5768C7CC-B705-4AF2-A093-DC680C22F1D5"},"name":"BSP_rig_RightArm","enabled":true,"visible":true,"hitVisible":true,"transform":{"@class":"BaseComponentTransformable","localTransforms":{"values":[0.9704679846763611,-0.0485520102083683,0.2362932711839676,0.0,-0.06670025736093521,0.8873400092124939,0.4562660753726959,0.0,-0.23182514309883119,-0.45855244994163515,0.8578966856002808,0.0,-4.0876866336247988e-8,0.47153303027153017,-1.9378661875180115e-7,1.0]}},"metadata":{"importedIdentifier":"BSP_rig_RightArm","importedName":"BSP_rig_RightArm","isBone":true}},"children":["47559C8A-E4E4-458F-AC74-BBF51CE92146"]},{"@class":"BaseNode","object3D":{"@class":"BaseObject3D","id":{"uuid":"47559C8A-E4E4-458F-AC74-BBF51CE92146"},"name":"BSP_rig_RightForeArm","enabled":true,"visible":true,"hitVisible":true,"transform":{"@class":"BaseComponentTransformable","localTransforms":{"values":[0.9999987483024597,9.9999863323319e-7,0.0015788079472258688,0.0,-9.999997701015673e-7,1.0,5.551115123125783e-17,0.0,-0.0015788079472258688,-1.5788077512013388e-9,0.9999987483024597,0.0,1.3322829772732803e-7,0.9295169115066528,0.0,1.0]}},"metadata":{"importedIdentifier":"BSP_rig_RightForeArm","importedName":"BSP_rig_RightForeArm","isBone":true}},"children":["F7952B2C-AC3C-478A-992E-CE24C337A310"]},{"@class":"BaseNode","object3D":{"@class":"BaseObject3D","id":{"uuid":"F7952B2C-AC3C-478A-992E-CE24C337A310"},"name":"BSP_rig_RightHand","enabled":true,"visible":true,"hitVisible":true,"transform":{"@class":"BaseComponentTransformable","localTransforms":{"values":[0.9739297032356262,-0.11561502516269684,-0.19517704844474793,0.0,0.11009277403354645,0.9931578636169434,-0.03894592821598053,0.0,0.1983443647623062,0.01644301600754261,0.9799944162368774,0.0,-4.8446654687950289e-8,1.1740704774856568,-1.4533996761656454e-7,1.0]}},"metadata":{"importedIdentifier":"BSP_rig_RightHand","importedName":"BSP_rig_RightHand","isBone":true}},"children":["EE8DE6CE-08BA-4F80-B46B-00BFCEEFEDD7","0DEEE757-D67D-4AF8-86C4-9FFF851FA5B1","96AC7032-44B9-44D4-82C4-C47AFBB94347","176F12E6-9669-42A3-AC7D-BE72ED01D08C","2D991E9B-F349-4A96-9A03-B13A73517A1C","BB4FCED1-29F1-4692-82CB-E556E2D5BBD5"]},{"@class":"BaseNode","object3D":{"@class":"BaseObject3D","id":{"uuid":"EE8DE6CE-08BA-4F80-B46B-00BFCEEFEDD7"},"name":"BSP_rig_R_Finger","enabled":true,"visible":true,"hitVisible":true,"transform":{"@class":"BaseComponentTransformable","localTransforms":{"values":[0.8643465042114258,0.49161455035209658,0.1059257760643959,0.0,-0.4051537811756134,0.8055090308189392,-0.43244147300720217,0.0,-0.2979186773300171,0.3308630585670471,0.8954184055328369,0.0,-0.1191471591591835,0.09915751218795777,-0.05120370537042618,1.0]}},"metadata":{"importedIdentifier":"BSP_rig_R_Finger","importedName":"BSP_rig_R_Finger","isBone":true}},"children":["CABDB4C2-6A7B-4DA6-A61E-7ADF285B5DF0"]},{"@class":"BaseNode","object3D":{"@class":"BaseObject3D","id":{"uuid":"CABDB4C2-6A7B-4DA6-A61E-7ADF285B5DF0"},"name":"BSP_rig_R_Finger11","enabled":true,"visible":true,"hitVisible":true,"transform":{"@class":"BaseComponentTransformable","localTransforms":{"values":[0.9830964207649231,0.18306489288806916,0.002935927826911211,0.0,-0.18306533992290498,0.9831007122993469,-0.00011485812137834728,0.0,-0.002907339483499527,-0.0004245500604156405,0.9999957084655762,0.0,-0.018858054652810098,0.12922990322113038,0.0000011627197409325163,1.0]}},"metadata":{"importedIdentifier":"BSP_rig_R_Finger11","importedName":"BSP_rig_R_Finger11","isBone":true}},"children":["655CC035-ED5D-4ABD-A957-F281B87ECF1E"]},{"@class":"BaseNode","object3D":{"@class":"BaseObject3D","id":{"uuid":"655CC035-ED5D-4ABD-A957-F281B87ECF1E"},"name":"BSP_rig_R_Finger12","enabled":true,"visible":true,"hitVisible":true,"transform":{"@class":"BaseComponentTransformable","localTransforms":{"values":[0.996720552444458,0.08077485114336014,-0.004851001314818859,0.0,-0.08077295869588852,0.9967323541641235,0.0005858540534973145,0.0,0.004882472567260265,-0.00019210303435102105,0.9999880790710449,0.0,0.005511679220944643,0.14054006338119508,-4.844665681957849e-7,1.0]}},"metadata":{"importedIdentifier":"BSP_rig_R_Finger12","importedName":"BSP_rig_R_Finger12","isBone":true}},"children":["AD55F9BE-13E8-49F7-AB8D-6E3B0F036AC8"]},{"@class":"BaseNode","object3D":{"@class":"BaseObject3D","id":{"uuid":"AD55F9BE-13E8-49F7-AB8D-6E3B0F036AC8"},"name":"BSP_rig_R_Finger1Nub","enabled":true,"visible":true,"hitVisible":true,"transform":{"@class":"BaseComponentTransformable","localTransforms":{"values":[1.0,0.0,0.0,0.0,0.0,1.0,0.0,0.0,0.0,0.0,1.0,0.0,0.013345890678465367,0.11067406088113785,-4.844665681957849e-7,1.0]}},"metadata":{"importedIdentifier":"BSP_rig_R_Finger1Nub","importedName":"BSP_rig_R_Finger1Nub","isBone":false}}},{"@class":"BaseNode","object3D":{"@class":"BaseObject3D","id":{"uuid":"0DEEE757-D67D-4AF8-86C4-9FFF851FA5B1"},"name":"BSP_rig_R_Finger2","enabled":true,"visible":true,"hitVisible":true,"transform":{"@class":"BaseComponentTransformable","localTransforms":{"values":[0.9933478236198425,0.1150422915816307,0.005026791710406542,0.0,-0.11511031538248062,0.9932165145874023,0.016447046771645547,0.0,-0.0031005870550870897,-0.016916275024414064,0.9998521208763123,0.0,-0.1573326736688614,0.34685441851615908,-0.003728745272383094,1.0]}},"metadata":{"importedIdentifier":"BSP_rig_R_Finger2","importedName":"BSP_rig_R_Finger2","isBone":true}},"children":["C84B0C3F-7F7A-420A-97EF-C13860C6F1D9"]},{"@class":"BaseNode","object3D":{"@class":"BaseObject3D","id":{